// strided_8k: strided walk, start 3 stride 17 words, wrapping 8192-word span (512 lines), 8192 accesses
// generated by dv/traces/gen_traces.py (seed 0xa4b3c002, pinned) -- do not hand-edit
// accesses: 8192
3
20
37
54
71
88
105
122
139
156
173
190
207
224
241
258
275
292
309
326
343
360
377
394
411
428
445
462
479
496
513
530
547
564
581
598
615
632
649
666
683
700
717
734
751
768
785
802
819
836
853
870
887
904
921
938
955
972
989
1006
1023
1040
1057
1074
1091
1108
1125
1142
1159
1176
1193
1210
1227
1244
1261
1278
1295
1312
1329
1346
1363
1380
1397
1414
1431
1448
1465
1482
1499
1516
1533
1550
1567
1584
1601
1618
1635
1652
1669
1686
1703
1720
1737
1754
1771
1788
1805
1822
1839
1856
1873
1890
1907
1924
1941
1958
1975
1992
2009
2026
2043
2060
2077
2094
2111
2128
2145
2162
2179
2196
2213
2230
2247
2264
2281
2298
2315
2332
2349
2366
2383
2400
2417
2434
2451
2468
2485
2502
2519
2536
2553
2570
2587
2604
2621
2638
2655
2672
2689
2706
2723
2740
2757
2774
2791
2808
2825
2842
2859
2876
2893
2910
2927
2944
2961
2978
2995
3012
3029
3046
3063
3080
3097
3114
3131
3148
3165
3182
3199
3216
3233
3250
3267
3284
3301
3318
3335
3352
3369
3386
3403
3420
3437
3454
3471
3488
3505
3522
3539
3556
3573
3590
3607
3624
3641
3658
3675
3692
3709
3726
3743
3760
3777
3794
3811
3828
3845
3862
3879
3896
3913
3930
3947
3964
3981
3998
4015
4032
4049
4066
4083
4100
4117
4134
4151
4168
4185
4202
4219
4236
4253
4270
4287
4304
4321
4338
4355
4372
4389
4406
4423
4440
4457
4474
4491
4508
4525
4542
4559
4576
4593
4610
4627
4644
4661
4678
4695
4712
4729
4746
4763
4780
4797
4814
4831
4848
4865
4882
4899
4916
4933
4950
4967
4984
5001
5018
5035
5052
5069
5086
5103
5120
5137
5154
5171
5188
5205
5222
5239
5256
5273
5290
5307
5324
5341
5358
5375
5392
5409
5426
5443
5460
5477
5494
5511
5528
5545
5562
5579
5596
5613
5630
5647
5664
5681
5698
5715
5732
5749
5766
5783
5800
5817
5834
5851
5868
5885
5902
5919
5936
5953
5970
5987
6004
6021
6038
6055
6072
6089
6106
6123
6140
6157
6174
6191
6208
6225
6242
6259
6276
6293
6310
6327
6344
6361
6378
6395
6412
6429
6446
6463
6480
6497
6514
6531
6548
6565
6582
6599
6616
6633
6650
6667
6684
6701
6718
6735
6752
6769
6786
6803
6820
6837
6854
6871
6888
6905
6922
6939
6956
6973
6990
7007
7024
7041
7058
7075
7092
7109
7126
7143
7160
7177
7194
7211
7228
7245
7262
7279
7296
7313
7330
7347
7364
7381
7398
7415
7432
7449
7466
7483
7500
7517
7534
7551
7568
7585
7602
7619
7636
7653
7670
7687
7704
7721
7738
7755
7772
7789
7806
7823
7840
7857
7874
7891
7908
7925
7942
7959
7976
7993
8010
8027
8044
8061
8078
8095
8112
8129
8146
8163
8180
5
22
39
56
73
90
107
124
141
158
175
192
209
226
243
260
277
294
311
328
345
362
379
396
413
430
447
464
481
498
515
532
549
566
583
600
617
634
651
668
685
702
719
736
753
770
787
804
821
838
855
872
889
906
923
940
957
974
991
1008
1025
1042
1059
1076
1093
1110
1127
1144
1161
1178
1195
1212
1229
1246
1263
1280
1297
1314
1331
1348
1365
1382
1399
1416
1433
1450
1467
1484
1501
1518
1535
1552
1569
1586
1603
1620
1637
1654
1671
1688
1705
1722
1739
1756
1773
1790
1807
1824
1841
1858
1875
1892
1909
1926
1943
1960
1977
1994
2011
2028
2045
2062
2079
2096
2113
2130
2147
2164
2181
2198
2215
2232
2249
2266
2283
2300
2317
2334
2351
2368
2385
2402
2419
2436
2453
2470
2487
2504
2521
2538
2555
2572
2589
2606
2623
2640
2657
2674
2691
2708
2725
2742
2759
2776
2793
2810
2827
2844
2861
2878
2895
2912
2929
2946
2963
2980
2997
3014
3031
3048
3065
3082
3099
3116
3133
3150
3167
3184
3201
3218
3235
3252
3269
3286
3303
3320
3337
3354
3371
3388
3405
3422
3439
3456
3473
3490
3507
3524
3541
3558
3575
3592
3609
3626
3643
3660
3677
3694
3711
3728
3745
3762
3779
3796
3813
3830
3847
3864
3881
3898
3915
3932
3949
3966
3983
4000
4017
4034
4051
4068
4085
4102
4119
4136
4153
4170
4187
4204
4221
4238
4255
4272
4289
4306
4323
4340
4357
4374
4391
4408
4425
4442
4459
4476
4493
4510
4527
4544
4561
4578
4595
4612
4629
4646
4663
4680
4697
4714
4731
4748
4765
4782
4799
4816
4833
4850
4867
4884
4901
4918
4935
4952
4969
4986
5003
5020
5037
5054
5071
5088
5105
5122
5139
5156
5173
5190
5207
5224
5241
5258
5275
5292
5309
5326
5343
5360
5377
5394
5411
5428
5445
5462
5479
5496
5513
5530
5547
5564
5581
5598
5615
5632
5649
5666
5683
5700
5717
5734
5751
5768
5785
5802
5819
5836
5853
5870
5887
5904
5921
5938
5955
5972
5989
6006
6023
6040
6057
6074
6091
6108
6125
6142
6159
6176
6193
6210
6227
6244
6261
6278
6295
6312
6329
6346
6363
6380
6397
6414
6431
6448
6465
6482
6499
6516
6533
6550
6567
6584
6601
6618
6635
6652
6669
6686
6703
6720
6737
6754
6771
6788
6805
6822
6839
6856
6873
6890
6907
6924
6941
6958
6975
6992
7009
7026
7043
7060
7077
7094
7111
7128
7145
7162
7179
7196
7213
7230
7247
7264
7281
7298
7315
7332
7349
7366
7383
7400
7417
7434
7451
7468
7485
7502
7519
7536
7553
7570
7587
7604
7621
7638
7655
7672
7689
7706
7723
7740
7757
7774
7791
7808
7825
7842
7859
7876
7893
7910
7927
7944
7961
7978
7995
8012
8029
8046
8063
8080
8097
8114
8131
8148
8165
8182
7
24
41
58
75
92
109
126
143
160
177
194
211
228
245
262
279
296
313
330
347
364
381
398
415
432
449
466
483
500
517
534
551
568
585
602
619
636
653
670
687
704
721
738
755
772
789
806
823
840
857
874
891
908
925
942
959
976
993
1010
1027
1044
1061
1078
1095
1112
1129
1146
1163
1180
1197
1214
1231
1248
1265
1282
1299
1316
1333
1350
1367
1384
1401
1418
1435
1452
1469
1486
1503
1520
1537
1554
1571
1588
1605
1622
1639
1656
1673
1690
1707
1724
1741
1758
1775
1792
1809
1826
1843
1860
1877
1894
1911
1928
1945
1962
1979
1996
2013
2030
2047
2064
2081
2098
2115
2132
2149
2166
2183
2200
2217
2234
2251
2268
2285
2302
2319
2336
2353
2370
2387
2404
2421
2438
2455
2472
2489
2506
2523
2540
2557
2574
2591
2608
2625
2642
2659
2676
2693
2710
2727
2744
2761
2778
2795
2812
2829
2846
2863
2880
2897
2914
2931
2948
2965
2982
2999
3016
3033
3050
3067
3084
3101
3118
3135
3152
3169
3186
3203
3220
3237
3254
3271
3288
3305
3322
3339
3356
3373
3390
3407
3424
3441
3458
3475
3492
3509
3526
3543
3560
3577
3594
3611
3628
3645
3662
3679
3696
3713
3730
3747
3764
3781
3798
3815
3832
3849
3866
3883
3900
3917
3934
3951
3968
3985
4002
4019
4036
4053
4070
4087
4104
4121
4138
4155
4172
4189
4206
4223
4240
4257
4274
4291
4308
4325
4342
4359
4376
4393
4410
4427
4444
4461
4478
4495
4512
4529
4546
4563
4580
4597
4614
4631
4648
4665
4682
4699
4716
4733
4750
4767
4784
4801
4818
4835
4852
4869
4886
4903
4920
4937
4954
4971
4988
5005
5022
5039
5056
5073
5090
5107
5124
5141
5158
5175
5192
5209
5226
5243
5260
5277
5294
5311
5328
5345
5362
5379
5396
5413
5430
5447
5464
5481
5498
5515
5532
5549
5566
5583
5600
5617
5634
5651
5668
5685
5702
5719
5736
5753
5770
5787
5804
5821
5838
5855
5872
5889
5906
5923
5940
5957
5974
5991
6008
6025
6042
6059
6076
6093
6110
6127
6144
6161
6178
6195
6212
6229
6246
6263
6280
6297
6314
6331
6348
6365
6382
6399
6416
6433
6450
6467
6484
6501
6518
6535
6552
6569
6586
6603
6620
6637
6654
6671
6688
6705
6722
6739
6756
6773
6790
6807
6824
6841
6858
6875
6892
6909
6926
6943
6960
6977
6994
7011
7028
7045
7062
7079
7096
7113
7130
7147
7164
7181
7198
7215
7232
7249
7266
7283
7300
7317
7334
7351
7368
7385
7402
7419
7436
7453
7470
7487
7504
7521
7538
7555
7572
7589
7606
7623
7640
7657
7674
7691
7708
7725
7742
7759
7776
7793
7810
7827
7844
7861
7878
7895
7912
7929
7946
7963
7980
7997
8014
8031
8048
8065
8082
8099
8116
8133
8150
8167
8184
9
26
43
60
77
94
111
128
145
162
179
196
213
230
247
264
281
298
315
332
349
366
383
400
417
434
451
468
485
502
519
536
553
570
587
604
621
638
655
672
689
706
723
740
757
774
791
808
825
842
859
876
893
910
927
944
961
978
995
1012
1029
1046
1063
1080
1097
1114
1131
1148
1165
1182
1199
1216
1233
1250
1267
1284
1301
1318
1335
1352
1369
1386
1403
1420
1437
1454
1471
1488
1505
1522
1539
1556
1573
1590
1607
1624
1641
1658
1675
1692
1709
1726
1743
1760
1777
1794
1811
1828
1845
1862
1879
1896
1913
1930
1947
1964
1981
1998
2015
2032
2049
2066
2083
2100
2117
2134
2151
2168
2185
2202
2219
2236
2253
2270
2287
2304
2321
2338
2355
2372
2389
2406
2423
2440
2457
2474
2491
2508
2525
2542
2559
2576
2593
2610
2627
2644
2661
2678
2695
2712
2729
2746
2763
2780
2797
2814
2831
2848
2865
2882
2899
2916
2933
2950
2967
2984
3001
3018
3035
3052
3069
3086
3103
3120
3137
3154
3171
3188
3205
3222
3239
3256
3273
3290
3307
3324
3341
3358
3375
3392
3409
3426
3443
3460
3477
3494
3511
3528
3545
3562
3579
3596
3613
3630
3647
3664
3681
3698
3715
3732
3749
3766
3783
3800
3817
3834
3851
3868
3885
3902
3919
3936
3953
3970
3987
4004
4021
4038
4055
4072
4089
4106
4123
4140
4157
4174
4191
4208
4225
4242
4259
4276
4293
4310
4327
4344
4361
4378
4395
4412
4429
4446
4463
4480
4497
4514
4531
4548
4565
4582
4599
4616
4633
4650
4667
4684
4701
4718
4735
4752
4769
4786
4803
4820
4837
4854
4871
4888
4905
4922
4939
4956
4973
4990
5007
5024
5041
5058
5075
5092
5109
5126
5143
5160
5177
5194
5211
5228
5245
5262
5279
5296
5313
5330
5347
5364
5381
5398
5415
5432
5449
5466
5483
5500
5517
5534
5551
5568
5585
5602
5619
5636
5653
5670
5687
5704
5721
5738
5755
5772
5789
5806
5823
5840
5857
5874
5891
5908
5925
5942
5959
5976
5993
6010
6027
6044
6061
6078
6095
6112
6129
6146
6163
6180
6197
6214
6231
6248
6265
6282
6299
6316
6333
6350
6367
6384
6401
6418
6435
6452
6469
6486
6503
6520
6537
6554
6571
6588
6605
6622
6639
6656
6673
6690
6707
6724
6741
6758
6775
6792
6809
6826
6843
6860
6877
6894
6911
6928
6945
6962
6979
6996
7013
7030
7047
7064
7081
7098
7115
7132
7149
7166
7183
7200
7217
7234
7251
7268
7285
7302
7319
7336
7353
7370
7387
7404
7421
7438
7455
7472
7489
7506
7523
7540
7557
7574
7591
7608
7625
7642
7659
7676
7693
7710
7727
7744
7761
7778
7795
7812
7829
7846
7863
7880
7897
7914
7931
7948
7965
7982
7999
8016
8033
8050
8067
8084
8101
8118
8135
8152
8169
8186
11
28
45
62
79
96
113
130
147
164
181
198
215
232
249
266
283
300
317
334
351
368
385
402
419
436
453
470
487
504
521
538
555
572
589
606
623
640
657
674
691
708
725
742
759
776
793
810
827
844
861
878
895
912
929
946
963
980
997
1014
1031
1048
1065
1082
1099
1116
1133
1150
1167
1184
1201
1218
1235
1252
1269
1286
1303
1320
1337
1354
1371
1388
1405
1422
1439
1456
1473
1490
1507
1524
1541
1558
1575
1592
1609
1626
1643
1660
1677
1694
1711
1728
1745
1762
1779
1796
1813
1830
1847
1864
1881
1898
1915
1932
1949
1966
1983
2000
2017
2034
2051
2068
2085
2102
2119
2136
2153
2170
2187
2204
2221
2238
2255
2272
2289
2306
2323
2340
2357
2374
2391
2408
2425
2442
2459
2476
2493
2510
2527
2544
2561
2578
2595
2612
2629
2646
2663
2680
2697
2714
2731
2748
2765
2782
2799
2816
2833
2850
2867
2884
2901
2918
2935
2952
2969
2986
3003
3020
3037
3054
3071
3088
3105
3122
3139
3156
3173
3190
3207
3224
3241
3258
3275
3292
3309
3326
3343
3360
3377
3394
3411
3428
3445
3462
3479
3496
3513
3530
3547
3564
3581
3598
3615
3632
3649
3666
3683
3700
3717
3734
3751
3768
3785
3802
3819
3836
3853
3870
3887
3904
3921
3938
3955
3972
3989
4006
4023
4040
4057
4074
4091
4108
4125
4142
4159
4176
4193
4210
4227
4244
4261
4278
4295
4312
4329
4346
4363
4380
4397
4414
4431
4448
4465
4482
4499
4516
4533
4550
4567
4584
4601
4618
4635
4652
4669
4686
4703
4720
4737
4754
4771
4788
4805
4822
4839
4856
4873
4890
4907
4924
4941
4958
4975
4992
5009
5026
5043
5060
5077
5094
5111
5128
5145
5162
5179
5196
5213
5230
5247
5264
5281
5298
5315
5332
5349
5366
5383
5400
5417
5434
5451
5468
5485
5502
5519
5536
5553
5570
5587
5604
5621
5638
5655
5672
5689
5706
5723
5740
5757
5774
5791
5808
5825
5842
5859
5876
5893
5910
5927
5944
5961
5978
5995
6012
6029
6046
6063
6080
6097
6114
6131
6148
6165
6182
6199
6216
6233
6250
6267
6284
6301
6318
6335
6352
6369
6386
6403
6420
6437
6454
6471
6488
6505
6522
6539
6556
6573
6590
6607
6624
6641
6658
6675
6692
6709
6726
6743
6760
6777
6794
6811
6828
6845
6862
6879
6896
6913
6930
6947
6964
6981
6998
7015
7032
7049
7066
7083
7100
7117
7134
7151
7168
7185
7202
7219
7236
7253
7270
7287
7304
7321
7338
7355
7372
7389
7406
7423
7440
7457
7474
7491
7508
7525
7542
7559
7576
7593
7610
7627
7644
7661
7678
7695
7712
7729
7746
7763
7780
7797
7814
7831
7848
7865
7882
7899
7916
7933
7950
7967
7984
8001
8018
8035
8052
8069
8086
8103
8120
8137
8154
8171
8188
13
30
47
64
81
98
115
132
149
166
183
200
217
234
251
268
285
302
319
336
353
370
387
404
421
438
455
472
489
506
523
540
557
574
591
608
625
642
659
676
693
710
727
744
761
778
795
812
829
846
863
880
897
914
931
948
965
982
999
1016
1033
1050
1067
1084
1101
1118
1135
1152
1169
1186
1203
1220
1237
1254
1271
1288
1305
1322
1339
1356
1373
1390
1407
1424
1441
1458
1475
1492
1509
1526
1543
1560
1577
1594
1611
1628
1645
1662
1679
1696
1713
1730
1747
1764
1781
1798
1815
1832
1849
1866
1883
1900
1917
1934
1951
1968
1985
2002
2019
2036
2053
2070
2087
2104
2121
2138
2155
2172
2189
2206
2223
2240
2257
2274
2291
2308
2325
2342
2359
2376
2393
2410
2427
2444
2461
2478
2495
2512
2529
2546
2563
2580
2597
2614
2631
2648
2665
2682
2699
2716
2733
2750
2767
2784
2801
2818
2835
2852
2869
2886
2903
2920
2937
2954
2971
2988
3005
3022
3039
3056
3073
3090
3107
3124
3141
3158
3175
3192
3209
3226
3243
3260
3277
3294
3311
3328
3345
3362
3379
3396
3413
3430
3447
3464
3481
3498
3515
3532
3549
3566
3583
3600
3617
3634
3651
3668
3685
3702
3719
3736
3753
3770
3787
3804
3821
3838
3855
3872
3889
3906
3923
3940
3957
3974
3991
4008
4025
4042
4059
4076
4093
4110
4127
4144
4161
4178
4195
4212
4229
4246
4263
4280
4297
4314
4331
4348
4365
4382
4399
4416
4433
4450
4467
4484
4501
4518
4535
4552
4569
4586
4603
4620
4637
4654
4671
4688
4705
4722
4739
4756
4773
4790
4807
4824
4841
4858
4875
4892
4909
4926
4943
4960
4977
4994
5011
5028
5045
5062
5079
5096
5113
5130
5147
5164
5181
5198
5215
5232
5249
5266
5283
5300
5317
5334
5351
5368
5385
5402
5419
5436
5453
5470
5487
5504
5521
5538
5555
5572
5589
5606
5623
5640
5657
5674
5691
5708
5725
5742
5759
5776
5793
5810
5827
5844
5861
5878
5895
5912
5929
5946
5963
5980
5997
6014
6031
6048
6065
6082
6099
6116
6133
6150
6167
6184
6201
6218
6235
6252
6269
6286
6303
6320
6337
6354
6371
6388
6405
6422
6439
6456
6473
6490
6507
6524
6541
6558
6575
6592
6609
6626
6643
6660
6677
6694
6711
6728
6745
6762
6779
6796
6813
6830
6847
6864
6881
6898
6915
6932
6949
6966
6983
7000
7017
7034
7051
7068
7085
7102
7119
7136
7153
7170
7187
7204
7221
7238
7255
7272
7289
7306
7323
7340
7357
7374
7391
7408
7425
7442
7459
7476
7493
7510
7527
7544
7561
7578
7595
7612
7629
7646
7663
7680
7697
7714
7731
7748
7765
7782
7799
7816
7833
7850
7867
7884
7901
7918
7935
7952
7969
7986
8003
8020
8037
8054
8071
8088
8105
8122
8139
8156
8173
8190
15
32
49
66
83
100
117
134
151
168
185
202
219
236
253
270
287
304
321
338
355
372
389
406
423
440
457
474
491
508
525
542
559
576
593
610
627
644
661
678
695
712
729
746
763
780
797
814
831
848
865
882
899
916
933
950
967
984
1001
1018
1035
1052
1069
1086
1103
1120
1137
1154
1171
1188
1205
1222
1239
1256
1273
1290
1307
1324
1341
1358
1375
1392
1409
1426
1443
1460
1477
1494
1511
1528
1545
1562
1579
1596
1613
1630
1647
1664
1681
1698
1715
1732
1749
1766
1783
1800
1817
1834
1851
1868
1885
1902
1919
1936
1953
1970
1987
2004
2021
2038
2055
2072
2089
2106
2123
2140
2157
2174
2191
2208
2225
2242
2259
2276
2293
2310
2327
2344
2361
2378
2395
2412
2429
2446
2463
2480
2497
2514
2531
2548
2565
2582
2599
2616
2633
2650
2667
2684
2701
2718
2735
2752
2769
2786
2803
2820
2837
2854
2871
2888
2905
2922
2939
2956
2973
2990
3007
3024
3041
3058
3075
3092
3109
3126
3143
3160
3177
3194
3211
3228
3245
3262
3279
3296
3313
3330
3347
3364
3381
3398
3415
3432
3449
3466
3483
3500
3517
3534
3551
3568
3585
3602
3619
3636
3653
3670
3687
3704
3721
3738
3755
3772
3789
3806
3823
3840
3857
3874
3891
3908
3925
3942
3959
3976
3993
4010
4027
4044
4061
4078
4095
4112
4129
4146
4163
4180
4197
4214
4231
4248
4265
4282
4299
4316
4333
4350
4367
4384
4401
4418
4435
4452
4469
4486
4503
4520
4537
4554
4571
4588
4605
4622
4639
4656
4673
4690
4707
4724
4741
4758
4775
4792
4809
4826
4843
4860
4877
4894
4911
4928
4945
4962
4979
4996
5013
5030
5047
5064
5081
5098
5115
5132
5149
5166
5183
5200
5217
5234
5251
5268
5285
5302
5319
5336
5353
5370
5387
5404
5421
5438
5455
5472
5489
5506
5523
5540
5557
5574
5591
5608
5625
5642
5659
5676
5693
5710
5727
5744
5761
5778
5795
5812
5829
5846
5863
5880
5897
5914
5931
5948
5965
5982
5999
6016
6033
6050
6067
6084
6101
6118
6135
6152
6169
6186
6203
6220
6237
6254
6271
6288
6305
6322
6339
6356
6373
6390
6407
6424
6441
6458
6475
6492
6509
6526
6543
6560
6577
6594
6611
6628
6645
6662
6679
6696
6713
6730
6747
6764
6781
6798
6815
6832
6849
6866
6883
6900
6917
6934
6951
6968
6985
7002
7019
7036
7053
7070
7087
7104
7121
7138
7155
7172
7189
7206
7223
7240
7257
7274
7291
7308
7325
7342
7359
7376
7393
7410
7427
7444
7461
7478
7495
7512
7529
7546
7563
7580
7597
7614
7631
7648
7665
7682
7699
7716
7733
7750
7767
7784
7801
7818
7835
7852
7869
7886
7903
7920
7937
7954
7971
7988
8005
8022
8039
8056
8073
8090
8107
8124
8141
8158
8175
0
17
34
51
68
85
102
119
136
153
170
187
204
221
238
255
272
289
306
323
340
357
374
391
408
425
442
459
476
493
510
527
544
561
578
595
612
629
646
663
680
697
714
731
748
765
782
799
816
833
850
867
884
901
918
935
952
969
986
1003
1020
1037
1054
1071
1088
1105
1122
1139
1156
1173
1190
1207
1224
1241
1258
1275
1292
1309
1326
1343
1360
1377
1394
1411
1428
1445
1462
1479
1496
1513
1530
1547
1564
1581
1598
1615
1632
1649
1666
1683
1700
1717
1734
1751
1768
1785
1802
1819
1836
1853
1870
1887
1904
1921
1938
1955
1972
1989
2006
2023
2040
2057
2074
2091
2108
2125
2142
2159
2176
2193
2210
2227
2244
2261
2278
2295
2312
2329
2346
2363
2380
2397
2414
2431
2448
2465
2482
2499
2516
2533
2550
2567
2584
2601
2618
2635
2652
2669
2686
2703
2720
2737
2754
2771
2788
2805
2822
2839
2856
2873
2890
2907
2924
2941
2958
2975
2992
3009
3026
3043
3060
3077
3094
3111
3128
3145
3162
3179
3196
3213
3230
3247
3264
3281
3298
3315
3332
3349
3366
3383
3400
3417
3434
3451
3468
3485
3502
3519
3536
3553
3570
3587
3604
3621
3638
3655
3672
3689
3706
3723
3740
3757
3774
3791
3808
3825
3842
3859
3876
3893
3910
3927
3944
3961
3978
3995
4012
4029
4046
4063
4080
4097
4114
4131
4148
4165
4182
4199
4216
4233
4250
4267
4284
4301
4318
4335
4352
4369
4386
4403
4420
4437
4454
4471
4488
4505
4522
4539
4556
4573
4590
4607
4624
4641
4658
4675
4692
4709
4726
4743
4760
4777
4794
4811
4828
4845
4862
4879
4896
4913
4930
4947
4964
4981
4998
5015
5032
5049
5066
5083
5100
5117
5134
5151
5168
5185
5202
5219
5236
5253
5270
5287
5304
5321
5338
5355
5372
5389
5406
5423
5440
5457
5474
5491
5508
5525
5542
5559
5576
5593
5610
5627
5644
5661
5678
5695
5712
5729
5746
5763
5780
5797
5814
5831
5848
5865
5882
5899
5916
5933
5950
5967
5984
6001
6018
6035
6052
6069
6086
6103
6120
6137
6154
6171
6188
6205
6222
6239
6256
6273
6290
6307
6324
6341
6358
6375
6392
6409
6426
6443
6460
6477
6494
6511
6528
6545
6562
6579
6596
6613
6630
6647
6664
6681
6698
6715
6732
6749
6766
6783
6800
6817
6834
6851
6868
6885
6902
6919
6936
6953
6970
6987
7004
7021
7038
7055
7072
7089
7106
7123
7140
7157
7174
7191
7208
7225
7242
7259
7276
7293
7310
7327
7344
7361
7378
7395
7412
7429
7446
7463
7480
7497
7514
7531
7548
7565
7582
7599
7616
7633
7650
7667
7684
7701
7718
7735
7752
7769
7786
7803
7820
7837
7854
7871
7888
7905
7922
7939
7956
7973
7990
8007
8024
8041
8058
8075
8092
8109
8126
8143
8160
8177
2
19
36
53
70
87
104
121
138
155
172
189
206
223
240
257
274
291
308
325
342
359
376
393
410
427
444
461
478
495
512
529
546
563
580
597
614
631
648
665
682
699
716
733
750
767
784
801
818
835
852
869
886
903
920
937
954
971
988
1005
1022
1039
1056
1073
1090
1107
1124
1141
1158
1175
1192
1209
1226
1243
1260
1277
1294
1311
1328
1345
1362
1379
1396
1413
1430
1447
1464
1481
1498
1515
1532
1549
1566
1583
1600
1617
1634
1651
1668
1685
1702
1719
1736
1753
1770
1787
1804
1821
1838
1855
1872
1889
1906
1923
1940
1957
1974
1991
2008
2025
2042
2059
2076
2093
2110
2127
2144
2161
2178
2195
2212
2229
2246
2263
2280
2297
2314
2331
2348
2365
2382
2399
2416
2433
2450
2467
2484
2501
2518
2535
2552
2569
2586
2603
2620
2637
2654
2671
2688
2705
2722
2739
2756
2773
2790
2807
2824
2841
2858
2875
2892
2909
2926
2943
2960
2977
2994
3011
3028
3045
3062
3079
3096
3113
3130
3147
3164
3181
3198
3215
3232
3249
3266
3283
3300
3317
3334
3351
3368
3385
3402
3419
3436
3453
3470
3487
3504
3521
3538
3555
3572
3589
3606
3623
3640
3657
3674
3691
3708
3725
3742
3759
3776
3793
3810
3827
3844
3861
3878
3895
3912
3929
3946
3963
3980
3997
4014
4031
4048
4065
4082
4099
4116
4133
4150
4167
4184
4201
4218
4235
4252
4269
4286
4303
4320
4337
4354
4371
4388
4405
4422
4439
4456
4473
4490
4507
4524
4541
4558
4575
4592
4609
4626
4643
4660
4677
4694
4711
4728
4745
4762
4779
4796
4813
4830
4847
4864
4881
4898
4915
4932
4949
4966
4983
5000
5017
5034
5051
5068
5085
5102
5119
5136
5153
5170
5187
5204
5221
5238
5255
5272
5289
5306
5323
5340
5357
5374
5391
5408
5425
5442
5459
5476
5493
5510
5527
5544
5561
5578
5595
5612
5629
5646
5663
5680
5697
5714
5731
5748
5765
5782
5799
5816
5833
5850
5867
5884
5901
5918
5935
5952
5969
5986
6003
6020
6037
6054
6071
6088
6105
6122
6139
6156
6173
6190
6207
6224
6241
6258
6275
6292
6309
6326
6343
6360
6377
6394
6411
6428
6445
6462
6479
6496
6513
6530
6547
6564
6581
6598
6615
6632
6649
6666
6683
6700
6717
6734
6751
6768
6785
6802
6819
6836
6853
6870
6887
6904
6921
6938
6955
6972
6989
7006
7023
7040
7057
7074
7091
7108
7125
7142
7159
7176
7193
7210
7227
7244
7261
7278
7295
7312
7329
7346
7363
7380
7397
7414
7431
7448
7465
7482
7499
7516
7533
7550
7567
7584
7601
7618
7635
7652
7669
7686
7703
7720
7737
7754
7771
7788
7805
7822
7839
7856
7873
7890
7907
7924
7941
7958
7975
7992
8009
8026
8043
8060
8077
8094
8111
8128
8145
8162
8179
4
21
38
55
72
89
106
123
140
157
174
191
208
225
242
259
276
293
310
327
344
361
378
395
412
429
446
463
480
497
514
531
548
565
582
599
616
633
650
667
684
701
718
735
752
769
786
803
820
837
854
871
888
905
922
939
956
973
990
1007
1024
1041
1058
1075
1092
1109
1126
1143
1160
1177
1194
1211
1228
1245
1262
1279
1296
1313
1330
1347
1364
1381
1398
1415
1432
1449
1466
1483
1500
1517
1534
1551
1568
1585
1602
1619
1636
1653
1670
1687
1704
1721
1738
1755
1772
1789
1806
1823
1840
1857
1874
1891
1908
1925
1942
1959
1976
1993
2010
2027
2044
2061
2078
2095
2112
2129
2146
2163
2180
2197
2214
2231
2248
2265
2282
2299
2316
2333
2350
2367
2384
2401
2418
2435
2452
2469
2486
2503
2520
2537
2554
2571
2588
2605
2622
2639
2656
2673
2690
2707
2724
2741
2758
2775
2792
2809
2826
2843
2860
2877
2894
2911
2928
2945
2962
2979
2996
3013
3030
3047
3064
3081
3098
3115
3132
3149
3166
3183
3200
3217
3234
3251
3268
3285
3302
3319
3336
3353
3370
3387
3404
3421
3438
3455
3472
3489
3506
3523
3540
3557
3574
3591
3608
3625
3642
3659
3676
3693
3710
3727
3744
3761
3778
3795
3812
3829
3846
3863
3880
3897
3914
3931
3948
3965
3982
3999
4016
4033
4050
4067
4084
4101
4118
4135
4152
4169
4186
4203
4220
4237
4254
4271
4288
4305
4322
4339
4356
4373
4390
4407
4424
4441
4458
4475
4492
4509
4526
4543
4560
4577
4594
4611
4628
4645
4662
4679
4696
4713
4730
4747
4764
4781
4798
4815
4832
4849
4866
4883
4900
4917
4934
4951
4968
4985
5002
5019
5036
5053
5070
5087
5104
5121
5138
5155
5172
5189
5206
5223
5240
5257
5274
5291
5308
5325
5342
5359
5376
5393
5410
5427
5444
5461
5478
5495
5512
5529
5546
5563
5580
5597
5614
5631
5648
5665
5682
5699
5716
5733
5750
5767
5784
5801
5818
5835
5852
5869
5886
5903
5920
5937
5954
5971
5988
6005
6022
6039
6056
6073
6090
6107
6124
6141
6158
6175
6192
6209
6226
6243
6260
6277
6294
6311
6328
6345
6362
6379
6396
6413
6430
6447
6464
6481
6498
6515
6532
6549
6566
6583
6600
6617
6634
6651
6668
6685
6702
6719
6736
6753
6770
6787
6804
6821
6838
6855
6872
6889
6906
6923
6940
6957
6974
6991
7008
7025
7042
7059
7076
7093
7110
7127
7144
7161
7178
7195
7212
7229
7246
7263
7280
7297
7314
7331
7348
7365
7382
7399
7416
7433
7450
7467
7484
7501
7518
7535
7552
7569
7586
7603
7620
7637
7654
7671
7688
7705
7722
7739
7756
7773
7790
7807
7824
7841
7858
7875
7892
7909
7926
7943
7960
7977
7994
8011
8028
8045
8062
8079
8096
8113
8130
8147
8164
8181
6
23
40
57
74
91
108
125
142
159
176
193
210
227
244
261
278
295
312
329
346
363
380
397
414
431
448
465
482
499
516
533
550
567
584
601
618
635
652
669
686
703
720
737
754
771
788
805
822
839
856
873
890
907
924
941
958
975
992
1009
1026
1043
1060
1077
1094
1111
1128
1145
1162
1179
1196
1213
1230
1247
1264
1281
1298
1315
1332
1349
1366
1383
1400
1417
1434
1451
1468
1485
1502
1519
1536
1553
1570
1587
1604
1621
1638
1655
1672
1689
1706
1723
1740
1757
1774
1791
1808
1825
1842
1859
1876
1893
1910
1927
1944
1961
1978
1995
2012
2029
2046
2063
2080
2097
2114
2131
2148
2165
2182
2199
2216
2233
2250
2267
2284
2301
2318
2335
2352
2369
2386
2403
2420
2437
2454
2471
2488
2505
2522
2539
2556
2573
2590
2607
2624
2641
2658
2675
2692
2709
2726
2743
2760
2777
2794
2811
2828
2845
2862
2879
2896
2913
2930
2947
2964
2981
2998
3015
3032
3049
3066
3083
3100
3117
3134
3151
3168
3185
3202
3219
3236
3253
3270
3287
3304
3321
3338
3355
3372
3389
3406
3423
3440
3457
3474
3491
3508
3525
3542
3559
3576
3593
3610
3627
3644
3661
3678
3695
3712
3729
3746
3763
3780
3797
3814
3831
3848
3865
3882
3899
3916
3933
3950
3967
3984
4001
4018
4035
4052
4069
4086
4103
4120
4137
4154
4171
4188
4205
4222
4239
4256
4273
4290
4307
4324
4341
4358
4375
4392
4409
4426
4443
4460
4477
4494
4511
4528
4545
4562
4579
4596
4613
4630
4647
4664
4681
4698
4715
4732
4749
4766
4783
4800
4817
4834
4851
4868
4885
4902
4919
4936
4953
4970
4987
5004
5021
5038
5055
5072
5089
5106
5123
5140
5157
5174
5191
5208
5225
5242
5259
5276
5293
5310
5327
5344
5361
5378
5395
5412
5429
5446
5463
5480
5497
5514
5531
5548
5565
5582
5599
5616
5633
5650
5667
5684
5701
5718
5735
5752
5769
5786
5803
5820
5837
5854
5871
5888
5905
5922
5939
5956
5973
5990
6007
6024
6041
6058
6075
6092
6109
6126
6143
6160
6177
6194
6211
6228
6245
6262
6279
6296
6313
6330
6347
6364
6381
6398
6415
6432
6449
6466
6483
6500
6517
6534
6551
6568
6585
6602
6619
6636
6653
6670
6687
6704
6721
6738
6755
6772
6789
6806
6823
6840
6857
6874
6891
6908
6925
6942
6959
6976
6993
7010
7027
7044
7061
7078
7095
7112
7129
7146
7163
7180
7197
7214
7231
7248
7265
7282
7299
7316
7333
7350
7367
7384
7401
7418
7435
7452
7469
7486
7503
7520
7537
7554
7571
7588
7605
7622
7639
7656
7673
7690
7707
7724
7741
7758
7775
7792
7809
7826
7843
7860
7877
7894
7911
7928
7945
7962
7979
7996
8013
8030
8047
8064
8081
8098
8115
8132
8149
8166
8183
8
25
42
59
76
93
110
127
144
161
178
195
212
229
246
263
280
297
314
331
348
365
382
399
416
433
450
467
484
501
518
535
552
569
586
603
620
637
654
671
688
705
722
739
756
773
790
807
824
841
858
875
892
909
926
943
960
977
994
1011
1028
1045
1062
1079
1096
1113
1130
1147
1164
1181
1198
1215
1232
1249
1266
1283
1300
1317
1334
1351
1368
1385
1402
1419
1436
1453
1470
1487
1504
1521
1538
1555
1572
1589
1606
1623
1640
1657
1674
1691
1708
1725
1742
1759
1776
1793
1810
1827
1844
1861
1878
1895
1912
1929
1946
1963
1980
1997
2014
2031
2048
2065
2082
2099
2116
2133
2150
2167
2184
2201
2218
2235
2252
2269
2286
2303
2320
2337
2354
2371
2388
2405
2422
2439
2456
2473
2490
2507
2524
2541
2558
2575
2592
2609
2626
2643
2660
2677
2694
2711
2728
2745
2762
2779
2796
2813
2830
2847
2864
2881
2898
2915
2932
2949
2966
2983
3000
3017
3034
3051
3068
3085
3102
3119
3136
3153
3170
3187
3204
3221
3238
3255
3272
3289
3306
3323
3340
3357
3374
3391
3408
3425
3442
3459
3476
3493
3510
3527
3544
3561
3578
3595
3612
3629
3646
3663
3680
3697
3714
3731
3748
3765
3782
3799
3816
3833
3850
3867
3884
3901
3918
3935
3952
3969
3986
4003
4020
4037
4054
4071
4088
4105
4122
4139
4156
4173
4190
4207
4224
4241
4258
4275
4292
4309
4326
4343
4360
4377
4394
4411
4428
4445
4462
4479
4496
4513
4530
4547
4564
4581
4598
4615
4632
4649
4666
4683
4700
4717
4734
4751
4768
4785
4802
4819
4836
4853
4870
4887
4904
4921
4938
4955
4972
4989
5006
5023
5040
5057
5074
5091
5108
5125
5142
5159
5176
5193
5210
5227
5244
5261
5278
5295
5312
5329
5346
5363
5380
5397
5414
5431
5448
5465
5482
5499
5516
5533
5550
5567
5584
5601
5618
5635
5652
5669
5686
5703
5720
5737
5754
5771
5788
5805
5822
5839
5856
5873
5890
5907
5924
5941
5958
5975
5992
6009
6026
6043
6060
6077
6094
6111
6128
6145
6162
6179
6196
6213
6230
6247
6264
6281
6298
6315
6332
6349
6366
6383
6400
6417
6434
6451
6468
6485
6502
6519
6536
6553
6570
6587
6604
6621
6638
6655
6672
6689
6706
6723
6740
6757
6774
6791
6808
6825
6842
6859
6876
6893
6910
6927
6944
6961
6978
6995
7012
7029
7046
7063
7080
7097
7114
7131
7148
7165
7182
7199
7216
7233
7250
7267
7284
7301
7318
7335
7352
7369
7386
7403
7420
7437
7454
7471
7488
7505
7522
7539
7556
7573
7590
7607
7624
7641
7658
7675
7692
7709
7726
7743
7760
7777
7794
7811
7828
7845
7862
7879
7896
7913
7930
7947
7964
7981
7998
8015
8032
8049
8066
8083
8100
8117
8134
8151
8168
8185
10
27
44
61
78
95
112
129
146
163
180
197
214
231
248
265
282
299
316
333
350
367
384
401
418
435
452
469
486
503
520
537
554
571
588
605
622
639
656
673
690
707
724
741
758
775
792
809
826
843
860
877
894
911
928
945
962
979
996
1013
1030
1047
1064
1081
1098
1115
1132
1149
1166
1183
1200
1217
1234
1251
1268
1285
1302
1319
1336
1353
1370
1387
1404
1421
1438
1455
1472
1489
1506
1523
1540
1557
1574
1591
1608
1625
1642
1659
1676
1693
1710
1727
1744
1761
1778
1795
1812
1829
1846
1863
1880
1897
1914
1931
1948
1965
1982
1999
2016
2033
2050
2067
2084
2101
2118
2135
2152
2169
2186
2203
2220
2237
2254
2271
2288
2305
2322
2339
2356
2373
2390
2407
2424
2441
2458
2475
2492
2509
2526
2543
2560
2577
2594
2611
2628
2645
2662
2679
2696
2713
2730
2747
2764
2781
2798
2815
2832
2849
2866
2883
2900
2917
2934
2951
2968
2985
3002
3019
3036
3053
3070
3087
3104
3121
3138
3155
3172
3189
3206
3223
3240
3257
3274
3291
3308
3325
3342
3359
3376
3393
3410
3427
3444
3461
3478
3495
3512
3529
3546
3563
3580
3597
3614
3631
3648
3665
3682
3699
3716
3733
3750
3767
3784
3801
3818
3835
3852
3869
3886
3903
3920
3937
3954
3971
3988
4005
4022
4039
4056
4073
4090
4107
4124
4141
4158
4175
4192
4209
4226
4243
4260
4277
4294
4311
4328
4345
4362
4379
4396
4413
4430
4447
4464
4481
4498
4515
4532
4549
4566
4583
4600
4617
4634
4651
4668
4685
4702
4719
4736
4753
4770
4787
4804
4821
4838
4855
4872
4889
4906
4923
4940
4957
4974
4991
5008
5025
5042
5059
5076
5093
5110
5127
5144
5161
5178
5195
5212
5229
5246
5263
5280
5297
5314
5331
5348
5365
5382
5399
5416
5433
5450
5467
5484
5501
5518
5535
5552
5569
5586
5603
5620
5637
5654
5671
5688
5705
5722
5739
5756
5773
5790
5807
5824
5841
5858
5875
5892
5909
5926
5943
5960
5977
5994
6011
6028
6045
6062
6079
6096
6113
6130
6147
6164
6181
6198
6215
6232
6249
6266
6283
6300
6317
6334
6351
6368
6385
6402
6419
6436
6453
6470
6487
6504
6521
6538
6555
6572
6589
6606
6623
6640
6657
6674
6691
6708
6725
6742
6759
6776
6793
6810
6827
6844
6861
6878
6895
6912
6929
6946
6963
6980
6997
7014
7031
7048
7065
7082
7099
7116
7133
7150
7167
7184
7201
7218
7235
7252
7269
7286
7303
7320
7337
7354
7371
7388
7405
7422
7439
7456
7473
7490
7507
7524
7541
7558
7575
7592
7609
7626
7643
7660
7677
7694
7711
7728
7745
7762
7779
7796
7813
7830
7847
7864
7881
7898
7915
7932
7949
7966
7983
8000
8017
8034
8051
8068
8085
8102
8119
8136
8153
8170
8187
12
29
46
63
80
97
114
131
148
165
182
199
216
233
250
267
284
301
318
335
352
369
386
403
420
437
454
471
488
505
522
539
556
573
590
607
624
641
658
675
692
709
726
743
760
777
794
811
828
845
862
879
896
913
930
947
964
981
998
1015
1032
1049
1066
1083
1100
1117
1134
1151
1168
1185
1202
1219
1236
1253
1270
1287
1304
1321
1338
1355
1372
1389
1406
1423
1440
1457
1474
1491
1508
1525
1542
1559
1576
1593
1610
1627
1644
1661
1678
1695
1712
1729
1746
1763
1780
1797
1814
1831
1848
1865
1882
1899
1916
1933
1950
1967
1984
2001
2018
2035
2052
2069
2086
2103
2120
2137
2154
2171
2188
2205
2222
2239
2256
2273
2290
2307
2324
2341
2358
2375
2392
2409
2426
2443
2460
2477
2494
2511
2528
2545
2562
2579
2596
2613
2630
2647
2664
2681
2698
2715
2732
2749
2766
2783
2800
2817
2834
2851
2868
2885
2902
2919
2936
2953
2970
2987
3004
3021
3038
3055
3072
3089
3106
3123
3140
3157
3174
3191
3208
3225
3242
3259
3276
3293
3310
3327
3344
3361
3378
3395
3412
3429
3446
3463
3480
3497
3514
3531
3548
3565
3582
3599
3616
3633
3650
3667
3684
3701
3718
3735
3752
3769
3786
3803
3820
3837
3854
3871
3888
3905
3922
3939
3956
3973
3990
4007
4024
4041
4058
4075
4092
4109
4126
4143
4160
4177
4194
4211
4228
4245
4262
4279
4296
4313
4330
4347
4364
4381
4398
4415
4432
4449
4466
4483
4500
4517
4534
4551
4568
4585
4602
4619
4636
4653
4670
4687
4704
4721
4738
4755
4772
4789
4806
4823
4840
4857
4874
4891
4908
4925
4942
4959
4976
4993
5010
5027
5044
5061
5078
5095
5112
5129
5146
5163
5180
5197
5214
5231
5248
5265
5282
5299
5316
5333
5350
5367
5384
5401
5418
5435
5452
5469
5486
5503
5520
5537
5554
5571
5588
5605
5622
5639
5656
5673
5690
5707
5724
5741
5758
5775
5792
5809
5826
5843
5860
5877
5894
5911
5928
5945
5962
5979
5996
6013
6030
6047
6064
6081
6098
6115
6132
6149
6166
6183
6200
6217
6234
6251
6268
6285
6302
6319
6336
6353
6370
6387
6404
6421
6438
6455
6472
6489
6506
6523
6540
6557
6574
6591
6608
6625
6642
6659
6676
6693
6710
6727
6744
6761
6778
6795
6812
6829
6846
6863
6880
6897
6914
6931
6948
6965
6982
6999
7016
7033
7050
7067
7084
7101
7118
7135
7152
7169
7186
7203
7220
7237
7254
7271
7288
7305
7322
7339
7356
7373
7390
7407
7424
7441
7458
7475
7492
7509
7526
7543
7560
7577
7594
7611
7628
7645
7662
7679
7696
7713
7730
7747
7764
7781
7798
7815
7832
7849
7866
7883
7900
7917
7934
7951
7968
7985
8002
8019
8036
8053
8070
8087
8104
8121
8138
8155
8172
8189
14
31
48
65
82
99
116
133
150
167
184
201
218
235
252
269
286
303
320
337
354
371
388
405
422
439
456
473
490
507
524
541
558
575
592
609
626
643
660
677
694
711
728
745
762
779
796
813
830
847
864
881
898
915
932
949
966
983
1000
1017
1034
1051
1068
1085
1102
1119
1136
1153
1170
1187
1204
1221
1238
1255
1272
1289
1306
1323
1340
1357
1374
1391
1408
1425
1442
1459
1476
1493
1510
1527
1544
1561
1578
1595
1612
1629
1646
1663
1680
1697
1714
1731
1748
1765
1782
1799
1816
1833
1850
1867
1884
1901
1918
1935
1952
1969
1986
2003
2020
2037
2054
2071
2088
2105
2122
2139
2156
2173
2190
2207
2224
2241
2258
2275
2292
2309
2326
2343
2360
2377
2394
2411
2428
2445
2462
2479
2496
2513
2530
2547
2564
2581
2598
2615
2632
2649
2666
2683
2700
2717
2734
2751
2768
2785
2802
2819
2836
2853
2870
2887
2904
2921
2938
2955
2972
2989
3006
3023
3040
3057
3074
3091
3108
3125
3142
3159
3176
3193
3210
3227
3244
3261
3278
3295
3312
3329
3346
3363
3380
3397
3414
3431
3448
3465
3482
3499
3516
3533
3550
3567
3584
3601
3618
3635
3652
3669
3686
3703
3720
3737
3754
3771
3788
3805
3822
3839
3856
3873
3890
3907
3924
3941
3958
3975
3992
4009
4026
4043
4060
4077
4094
4111
4128
4145
4162
4179
4196
4213
4230
4247
4264
4281
4298
4315
4332
4349
4366
4383
4400
4417
4434
4451
4468
4485
4502
4519
4536
4553
4570
4587
4604
4621
4638
4655
4672
4689
4706
4723
4740
4757
4774
4791
4808
4825
4842
4859
4876
4893
4910
4927
4944
4961
4978
4995
5012
5029
5046
5063
5080
5097
5114
5131
5148
5165
5182
5199
5216
5233
5250
5267
5284
5301
5318
5335
5352
5369
5386
5403
5420
5437
5454
5471
5488
5505
5522
5539
5556
5573
5590
5607
5624
5641
5658
5675
5692
5709
5726
5743
5760
5777
5794
5811
5828
5845
5862
5879
5896
5913
5930
5947
5964
5981
5998
6015
6032
6049
6066
6083
6100
6117
6134
6151
6168
6185
6202
6219
6236
6253
6270
6287
6304
6321
6338
6355
6372
6389
6406
6423
6440
6457
6474
6491
6508
6525
6542
6559
6576
6593
6610
6627
6644
6661
6678
6695
6712
6729
6746
6763
6780
6797
6814
6831
6848
6865
6882
6899
6916
6933
6950
6967
6984
7001
7018
7035
7052
7069
7086
7103
7120
7137
7154
7171
7188
7205
7222
7239
7256
7273
7290
7307
7324
7341
7358
7375
7392
7409
7426
7443
7460
7477
7494
7511
7528
7545
7562
7579
7596
7613
7630
7647
7664
7681
7698
7715
7732
7749
7766
7783
7800
7817
7834
7851
7868
7885
7902
7919
7936
7953
7970
7987
8004
8021
8038
8055
8072
8089
8106
8123
8140
8157
8174
8191
16
33
50
67
84
101
118
135
152
169
186
203
220
237
254
271
288
305
322
339
356
373
390
407
424
441
458
475
492
509
526
543
560
577
594
611
628
645
662
679
696
713
730
747
764
781
798
815
832
849
866
883
900
917
934
951
968
985
1002
1019
1036
1053
1070
1087
1104
1121
1138
1155
1172
1189
1206
1223
1240
1257
1274
1291
1308
1325
1342
1359
1376
1393
1410
1427
1444
1461
1478
1495
1512
1529
1546
1563
1580
1597
1614
1631
1648
1665
1682
1699
1716
1733
1750
1767
1784
1801
1818
1835
1852
1869
1886
1903
1920
1937
1954
1971
1988
2005
2022
2039
2056
2073
2090
2107
2124
2141
2158
2175
2192
2209
2226
2243
2260
2277
2294
2311
2328
2345
2362
2379
2396
2413
2430
2447
2464
2481
2498
2515
2532
2549
2566
2583
2600
2617
2634
2651
2668
2685
2702
2719
2736
2753
2770
2787
2804
2821
2838
2855
2872
2889
2906
2923
2940
2957
2974
2991
3008
3025
3042
3059
3076
3093
3110
3127
3144
3161
3178
3195
3212
3229
3246
3263
3280
3297
3314
3331
3348
3365
3382
3399
3416
3433
3450
3467
3484
3501
3518
3535
3552
3569
3586
3603
3620
3637
3654
3671
3688
3705
3722
3739
3756
3773
3790
3807
3824
3841
3858
3875
3892
3909
3926
3943
3960
3977
3994
4011
4028
4045
4062
4079
4096
4113
4130
4147
4164
4181
4198
4215
4232
4249
4266
4283
4300
4317
4334
4351
4368
4385
4402
4419
4436
4453
4470
4487
4504
4521
4538
4555
4572
4589
4606
4623
4640
4657
4674
4691
4708
4725
4742
4759
4776
4793
4810
4827
4844
4861
4878
4895
4912
4929
4946
4963
4980
4997
5014
5031
5048
5065
5082
5099
5116
5133
5150
5167
5184
5201
5218
5235
5252
5269
5286
5303
5320
5337
5354
5371
5388
5405
5422
5439
5456
5473
5490
5507
5524
5541
5558
5575
5592
5609
5626
5643
5660
5677
5694
5711
5728
5745
5762
5779
5796
5813
5830
5847
5864
5881
5898
5915
5932
5949
5966
5983
6000
6017
6034
6051
6068
6085
6102
6119
6136
6153
6170
6187
6204
6221
6238
6255
6272
6289
6306
6323
6340
6357
6374
6391
6408
6425
6442
6459
6476
6493
6510
6527
6544
6561
6578
6595
6612
6629
6646
6663
6680
6697
6714
6731
6748
6765
6782
6799
6816
6833
6850
6867
6884
6901
6918
6935
6952
6969
6986
7003
7020
7037
7054
7071
7088
7105
7122
7139
7156
7173
7190
7207
7224
7241
7258
7275
7292
7309
7326
7343
7360
7377
7394
7411
7428
7445
7462
7479
7496
7513
7530
7547
7564
7581
7598
7615
7632
7649
7666
7683
7700
7717
7734
7751
7768
7785
7802
7819
7836
7853
7870
7887
7904
7921
7938
7955
7972
7989
8006
8023
8040
8057
8074
8091
8108
8125
8142
8159
8176
1
18
35
52
69
86
103
120
137
154
171
188
205
222
239
256
273
290
307
324
341
358
375
392
409
426
443
460
477
494
511
528
545
562
579
596
613
630
647
664
681
698
715
732
749
766
783
800
817
834
851
868
885
902
919
936
953
970
987
1004
1021
1038
1055
1072
1089
1106
1123
1140
1157
1174
1191
1208
1225
1242
1259
1276
1293
1310
1327
1344
1361
1378
1395
1412
1429
1446
1463
1480
1497
1514
1531
1548
1565
1582
1599
1616
1633
1650
1667
1684
1701
1718
1735
1752
1769
1786
1803
1820
1837
1854
1871
1888
1905
1922
1939
1956
1973
1990
2007
2024
2041
2058
2075
2092
2109
2126
2143
2160
2177
2194
2211
2228
2245
2262
2279
2296
2313
2330
2347
2364
2381
2398
2415
2432
2449
2466
2483
2500
2517
2534
2551
2568
2585
2602
2619
2636
2653
2670
2687
2704
2721
2738
2755
2772
2789
2806
2823
2840
2857
2874
2891
2908
2925
2942
2959
2976
2993
3010
3027
3044
3061
3078
3095
3112
3129
3146
3163
3180
3197
3214
3231
3248
3265
3282
3299
3316
3333
3350
3367
3384
3401
3418
3435
3452
3469
3486
3503
3520
3537
3554
3571
3588
3605
3622
3639
3656
3673
3690
3707
3724
3741
3758
3775
3792
3809
3826
3843
3860
3877
3894
3911
3928
3945
3962
3979
3996
4013
4030
4047
4064
4081
4098
4115
4132
4149
4166
4183
4200
4217
4234
4251
4268
4285
4302
4319
4336
4353
4370
4387
4404
4421
4438
4455
4472
4489
4506
4523
4540
4557
4574
4591
4608
4625
4642
4659
4676
4693
4710
4727
4744
4761
4778
4795
4812
4829
4846
4863
4880
4897
4914
4931
4948
4965
4982
4999
5016
5033
5050
5067
5084
5101
5118
5135
5152
5169
5186
5203
5220
5237
5254
5271
5288
5305
5322
5339
5356
5373
5390
5407
5424
5441
5458
5475
5492
5509
5526
5543
5560
5577
5594
5611
5628
5645
5662
5679
5696
5713
5730
5747
5764
5781
5798
5815
5832
5849
5866
5883
5900
5917
5934
5951
5968
5985
6002
6019
6036
6053
6070
6087
6104
6121
6138
6155
6172
6189
6206
6223
6240
6257
6274
6291
6308
6325
6342
6359
6376
6393
6410
6427
6444
6461
6478
6495
6512
6529
6546
6563
6580
6597
6614
6631
6648
6665
6682
6699
6716
6733
6750
6767
6784
6801
6818
6835
6852
6869
6886
6903
6920
6937
6954
6971
6988
7005
7022
7039
7056
7073
7090
7107
7124
7141
7158
7175
7192
7209
7226
7243
7260
7277
7294
7311
7328
7345
7362
7379
7396
7413
7430
7447
7464
7481
7498
7515
7532
7549
7566
7583
7600
7617
7634
7651
7668
7685
7702
7719
7736
7753
7770
7787
7804
7821
7838
7855
7872
7889
7906
7923
7940
7957
7974
7991
8008
8025
8042
8059
8076
8093
8110
8127
8144
8161
8178
