// walk_16k: seeded random walk in a 36-line (576-word) working set, 16000 accesses
// generated by dv/traces/gen_traces.py (seed 0xa4b3c003, pinned) -- do not hand-edit
// accesses: 16000
169
156
164
179
316
292
278
292
294
319
324
151
485
501
495
478
448
476
457
479
495
507
374
388
400
428
400
421
440
57
65
50
25
38
49
39
51
547
575
550
127
138
546
566
0
237
245
267
240
256
540
545
563
7
25
0
21
37
56
67
49
65
565
301
319
213
233
253
261
44
60
65
91
107
271
244
230
253
382
411
427
406
384
375
417
434
425
77
3
567
1
16
36
63
74
94
79
84
103
482
506
518
533
527
536
306
335
338
354
379
399
405
386
405
422
489
507
513
255
267
244
263
250
269
285
290
25
5
20
42
25
32
13
56
64
80
100
112
328
513
505
516
539
554
541
335
516
529
515
532
553
569
4
563
549
570
3
562
13
31
34
16
36
45
53
76
81
100
88
100
93
72
87
108
114
105
365
369
164
179
192
182
203
184
556
562
10
26
37
56
341
362
375
269
282
300
316
323
341
361
487
500
277
269
279
111
116
136
148
172
186
200
178
255
238
247
269
274
290
309
196
560
549
359
375
395
409
171
188
195
180
138
114
136
149
138
148
167
55
75
266
296
307
324
351
358
574
554
564
3
25
15
109
118
142
60
65
90
100
114
496
485
501
229
254
265
286
302
318
240
261
272
288
304
323
337
565
5
29
40
62
67
94
477
489
509
205
210
103
122
135
116
109
112
99
113
108
114
129
368
18
9
31
40
279
289
311
334
340
367
368
352
378
393
381
139
399
345
329
308
332
344
358
377
216
237
266
243
267
253
268
277
263
245
268
48
207
506
77
92
106
80
100
91
102
125
142
159
136
487
38
339
357
379
290
317
333
306
324
348
355
376
358
379
392
521
534
557
568
376
399
371
389
277
290
319
329
340
353
85
262
275
294
278
379
398
412
424
447
449
476
458
465
494
470
485
172
190
195
222
227
157
142
116
107
479
451
531
559
572
544
533
505
516
507
522
230
222
286
298
287
270
280
297
316
296
306
324
267
280
297
22
431
442
452
83
36
53
69
87
68
561
556
560
12
21
46
63
74
87
79
86
111
455
50
66
94
106
93
173
178
203
100
123
138
124
137
149
32
17
43
50
74
87
68
50
72
91
413
397
410
385
373
547
565
274
297
311
326
346
352
290
358
376
386
62
278
294
443
364
338
355
375
388
401
407
421
436
459
446
105
122
139
455
474
447
450
472
456
66
91
105
549
572
5
18
35
57
73
85
103
90
106
114
99
91
111
351
365
374
395
232
255
263
241
229
245
243
426
405
418
402
424
444
450
467
483
473
482
498
524
541
512
274
288
281
164
186
166
266
251
257
283
382
259
272
120
132
405
399
370
232
243
262
286
296
311
333
351
352
368
157
439
454
466
495
509
549
303
319
320
336
333
342
357
372
387
406
425
433
426
443
448
470
489
465
495
510
12
385
176
409
25
6
17
521
529
313
325
2
562
544
538
548
575
347
241
264
249
256
287
36
54
73
93
58
75
95
72
81
65
240
262
245
230
482
503
559
92
69
90
64
90
103
120
135
314
322
338
68
60
34
25
41
57
43
30
41
62
46
146
162
65
58
10
22
37
18
15
30
38
554
561
6
561
559
42
519
538
553
565
4
25
32
59
14
258
273
116
140
150
165
189
206
386
309
322
350
360
375
385
180
161
186
174
185
201
216
445
418
444
425
439
452
574
555
567
14
209
235
253
229
242
256
241
227
195
212
226
220
228
218
130
127
143
144
174
188
165
186
174
187
493
499
259
281
292
307
335
348
356
368
388
373
104
83
555
530
356
374
363
158
161
17
37
22
77
80
108
118
436
456
469
491
465
481
469
491
472
488
509
520
510
28
43
55
76
82
100
452
433
449
442
461
477
456
469
457
468
483
511
527
531
523
542
556
538
554
538
553
286
294
278
340
364
375
389
412
416
407
422
494
507
486
276
292
282
122
98
112
3
23
47
338
371
396
115
138
156
104
273
386
380
356
375
392
400
424
446
426
18
46
60
78
95
437
221
239
244
229
456
437
449
478
482
503
523
539
514
184
165
182
170
178
206
178
170
158
14
21
35
48
47
22
33
536
547
574
13
18
13
28
34
384
415
398
370
392
400
391
535
522
312
320
312
334
345
356
370
399
411
422
102
560
13
24
39
50
219
192
216
225
215
225
217
235
247
261
272
293
318
327
339
358
382
388
400
431
436
460
467
319
332
344
365
336
326
125
102
120
135
21
100
484
473
483
499
515
537
557
399
414
390
402
427
411
431
400
387
409
428
368
404
390
379
395
356
211
127
130
153
163
181
202
447
454
472
494
504
519
532
552
316
288
537
544
561
15
24
87
106
112
130
153
164
181
204
208
236
276
295
309
325
458
435
452
474
484
519
225
246
258
274
294
306
288
306
297
316
329
319
321
543
553
561
6
573
552
563
2
561
10
22
307
327
312
288
318
334
339
198
213
233
255
266
280
289
316
406
189
207
184
192
213
192
223
228
241
266
280
300
309
331
570
10
20
8
248
226
244
497
495
502
196
184
192
212
451
469
483
468
492
511
346
439
448
389
377
388
122
136
154
173
180
199
147
162
188
167
176
206
221
236
208
439
453
446
127
96
234
223
226
254
160
183
206
181
214
201
220
226
215
231
212
232
519
535
305
330
348
359
345
358
371
181
198
218
229
210
225
254
268
280
293
318
320
332
348
360
263
273
292
315
327
336
325
338
353
345
367
472
484
511
415
416
446
193
213
390
404
119
277
260
285
260
52
73
82
109
89
110
125
123
135
151
133
154
128
117
131
147
165
189
160
178
204
215
547
569
544
570
2
571
551
338
125
104
88
101
112
141
144
166
191
196
223
231
250
261
250
258
220
344
357
378
392
375
385
404
429
401
418
411
384
102
121
128
158
174
187
108
116
97
114
143
121
129
122
130
157
143
150
141
154
139
155
167
159
169
180
300
103
124
138
146
165
145
137
112
137
115
134
117
131
114
140
146
137
151
166
445
269
466
493
502
515
530
543
547
570
2
24
39
60
66
83
102
125
96
289
310
327
343
561
1
112
129
124
134
145
258
278
289
314
290
305
332
337
361
377
388
376
338
330
307
320
339
366
368
63
75
91
107
122
136
120
128
154
129
145
14
22
12
561
4
20
5
16
45
52
77
87
109
119
128
215
238
250
138
156
172
146
164
146
137
512
528
548
561
10
125
133
145
164
189
198
213
232
241
37
56
70
91
173
145
171
185
199
211
230
255
263
286
267
280
290
114
132
145
134
145
79
482
418
231
243
227
251
107
85
76
92
108
114
109
121
138
145
173
191
170
178
196
439
430
433
275
298
171
182
203
217
241
229
242
266
283
299
273
295
305
325
342
360
381
392
376
391
415
93
102
126
106
92
75
62
140
145
175
156
165
363
349
360
381
260
170
474
494
323
510
526
528
527
537
549
571
9
19
43
62
67
86
103
116
134
191
206
212
227
218
227
240
416
442
427
435
430
415
417
433
222
228
215
229
246
268
251
264
255
271
248
231
320
345
367
347
328
336
330
343
352
381
390
404
224
244
70
86
78
80
71
92
72
83
104
270
545
536
550
571
521
528
544
563
9
568
557
566
509
222
204
423
433
461
473
483
505
526
224
242
270
278
291
316
301
305
490
509
518
531
516
543
520
549
561
8
25
38
62
64
63
244
235
263
277
303
311
330
351
354
379
64
81
99
123
128
123
97
84
184
198
211
228
243
265
279
300
282
288
304
333
347
356
378
398
408
417
436
452
472
488
507
526
508
508
480
496
519
504
516
497
307
166
176
216
237
241
232
411
398
534
555
574
191
202
212
232
221
199
215
227
253
362
375
399
401
417
406
418
444
463
443
339
367
381
393
412
390
248
262
273
257
252
260
241
269
287
295
312
320
347
358
373
366
455
476
457
406
427
412
397
461
476
449
487
464
482
432
461
466
451
477
485
529
166
190
477
485
473
474
493
505
267
249
260
280
299
319
294
309
421
556
562
8
573
553
575
5
571
87
69
174
182
206
216
224
253
220
237
245
232
243
232
219
308
326
345
66
90
110
527
531
555
571
546
561
554
568
11
29
165
182
197
217
151
143
152
161
450
446
428
196
218
224
215
360
342
361
187
159
161
186
162
187
196
457
442
357
107
92
110
122
136
544
572
1
16
42
21
44
62
67
404
427
447
343
329
336
320
337
354
356
350
328
342
365
377
364
340
269
284
301
285
399
411
421
432
450
466
485
509
349
97
120
201
184
301
318
330
265
248
263
240
238
251
271
285
291
282
289
309
323
351
367
376
361
374
388
406
399
415
390
405
335
317
331
343
364
382
466
484
550
531
88
110
85
97
87
97
121
102
120
292
316
327
313
327
343
360
375
359
350
84
184
201
39
58
522
511
513
528
558
573
0
220
208
196
217
239
249
91
108
93
98
142
152
169
203
144
170
393
375
399
414
108
186
169
145
143
83
96
124
111
508
514
538
546
570
272
299
315
329
513
535
557
563
14
22
45
25
39
60
73
91
109
124
128
158
169
540
558
573
353
377
354
21
210
531
527
505
485
505
516
21
35
11
561
271
273
294
272
133
140
153
336
322
338
357
383
399
412
389
400
416
437
504
520
534
349
362
368
395
215
464
492
478
486
498
444
462
479
486
501
522
537
456
467
215
229
515
542
555
530
552
562
253
257
493
508
518
534
544
414
390
283
288
305
395
380
365
496
286
297
306
320
345
329
139
145
161
190
204
214
237
210
237
242
264
286
261
242
331
340
364
380
367
348
328
337
38
49
34
52
77
54
40
49
67
60
23
34
59
38
63
68
53
549
562
14
513
182
319
289
274
292
304
329
355
381
394
403
416
440
416
437
299
313
325
339
353
378
364
379
354
339
331
338
356
373
390
368
394
321
314
335
343
325
314
321
572
0
88
96
120
477
488
316
322
338
355
372
394
411
430
437
461
465
487
498
514
533
544
563
235
311
301
306
331
347
360
369
399
415
424
443
451
470
489
511
515
506
524
23
41
49
72
84
108
123
130
141
147
167
147
129
158
161
508
82
99
80
96
118
495
518
530
549
532
552
573
10
20
39
31
37
22
41
57
76
85
102
519
535
549
535
476
485
258
466
455
470
459
445
454
532
556
528
34
51
75
90
97
120
96
224
250
262
277
293
319
320
163
176
99
113
129
124
97
122
106
112
500
521
530
515
506
339
333
349
164
336
304
324
349
524
538
515
537
398
378
50
78
56
401
429
38
496
516
538
550
213
231
218
235
241
256
273
295
283
479
491
501
422
445
450
435
450
432
452
289
308
323
253
258
277
267
272
301
309
296
285
294
305
320
341
365
338
364
378
360
379
458
465
487
510
514
482
537
545
399
410
417
446
463
475
574
1
25
398
414
422
410
548
560
303
308
52
79
87
64
84
100
124
100
124
105
113
142
149
409
429
438
454
437
459
421
446
455
442
454
470
375
387
408
425
434
452
242
228
57
84
102
80
109
84
99
115
136
97
113
129
152
162
185
194
88
98
124
132
150
128
165
62
46
22
41
50
65
81
98
563
559
547
533
544
532
516
535
514
533
547
570
5
17
43
21
499
526
539
256
432
420
219
232
245
258
282
291
558
230
253
256
290
315
562
545
570
283
256
312
323
347
365
344
333
345
332
350
361
382
396
410
431
440
426
445
98
117
105
96
90
98
92
283
455
464
490
484
502
527
535
550
572
557
563
15
62
46
59
65
83
68
91
99
93
139
119
104
117
143
114
133
151
174
288
279
262
285
260
281
290
312
327
340
354
378
9
548
532
558
571
328
351
361
214
61
65
393
408
511
492
509
335
336
365
371
442
228
249
268
275
258
275
259
242
231
209
180
161
152
167
187
433
463
468
325
350
362
337
62
181
202
210
49
46
54
39
54
73
94
104
115
139
127
129
151
132
414
430
411
417
432
326
351
352
350
334
306
321
9
565
327
349
353
380
385
1
25
39
26
43
58
36
55
44
26
38
363
372
394
379
354
375
384
406
426
442
457
466
566
4
19
37
55
242
271
274
296
205
216
203
177
231
231
405
535
547
574
12
18
44
25
43
62
206
223
158
140
147
164
154
382
391
81
474
454
472
495
511
520
218
206
213
225
240
547
565
0
29
34
49
79
93
107
118
375
390
374
390
375
416
432
424
406
421
551
567
10
28
44
60
65
337
362
229
246
264
70
93
107
73
89
105
90
103
116
136
152
535
517
338
357
372
479
495
504
524
533
101
91
239
254
277
260
289
306
327
499
485
503
255
258
240
262
273
257
283
290
313
329
342
87
109
117
134
125
139
144
171
188
164
486
471
488
556
566
552
561
13
27
47
53
72
371
545
524
539
553
575
545
575
555
541
354
380
357
376
71
94
539
516
540
164
191
206
212
193
61
189
194
215
182
194
220
309
327
347
326
309
320
4
28
510
41
455
470
456
442
130
117
133
489
82
97
112
129
121
317
331
342
366
338
354
379
549
539
547
194
215
230
253
260
39
58
69
50
77
82
106
93
64
60
32
23
46
48
78
62
64
93
69
93
396
413
422
367
374
389
415
385
336
222
205
208
229
353
336
360
517
540
525
204
212
239
250
263
274
295
315
187
166
186
162
181
92
103
498
488
500
495
507
515
543
553
542
548
534
554
120
284
296
284
298
317
322
347
361
377
398
403
429
444
541
515
528
555
572
556
574
553
574
7
560
15
18
40
28
47
55
78
94
110
110
119
253
267
274
290
430
439
448
465
450
470
484
499
526
377
393
412
181
165
146
132
147
492
497
515
531
242
267
248
267
272
267
275
292
282
288
317
455
478
458
477
491
501
494
507
527
531
69
91
105
127
107
125
191
202
185
195
42
50
79
85
102
117
142
433
419
438
463
307
183
365
369
384
379
389
377
131
149
170
189
174
178
195
218
233
246
227
138
125
67
90
111
122
545
528
549
532
549
575
4
572
6
22
15
16
32
55
65
95
104
89
506
395
443
461
478
480
500
60
74
112
137
115
138
127
131
145
174
155
130
152
167
183
198
210
236
243
259
283
294
316
320
349
327
345
335
344
353
302
280
267
249
256
237
252
282
300
316
291
319
291
318
329
336
367
212
19
325
347
326
314
294
133
150
100
133
146
173
189
150
169
145
49
128
152
175
225
216
350
352
370
390
126
142
152
142
154
292
317
334
74
56
69
85
97
91
105
126
142
154
170
495
502
518
539
391
375
164
158
566
10
188
206
84
10
565
557
539
558
367
288
316
324
344
366
123
252
227
212
235
28
39
25
41
280
292
391
379
80
111
81
98
114
109
114
337
360
379
396
403
429
436
461
464
328
314
427
445
450
474
330
99
123
63
71
91
107
119
133
156
137
147
132
159
445
448
474
452
464
448
400
429
408
426
404
424
410
416
437
461
469
494
468
552
571
9
24
47
50
66
125
137
157
175
182
201
215
233
242
239
253
237
247
234
251
270
98
120
132
516
537
544
534
282
261
243
258
282
302
310
432
462
469
492
464
484
469
304
321
345
240
271
283
543
373
357
350
366
372
395
402
426
413
208
224
457
478
450
464
492
496
515
531
550
574
556
574
290
284
294
311
320
375
367
371
399
413
422
433
448
466
407
425
407
8
26
13
21
37
17
280
294
307
296
318
320
351
320
305
321
347
357
380
393
406
425
436
455
471
483
369
63
72
87
162
189
173
416
403
417
219
235
245
264
279
300
282
297
311
288
307
328
51
76
95
110
118
140
144
174
179
160
182
203
212
352
374
6
28
47
415
145
161
176
204
136
118
134
147
161
151
160
220
232
255
256
274
297
508
480
505
522
116
406
420
444
460
470
492
508
522
50
35
59
79
90
78
88
493
478
495
466
455
438
455
474
483
505
364
378
359
372
386
216
227
251
269
275
299
332
339
360
378
384
403
18
80
102
569
4
28
10
20
0
20
235
173
178
262
251
452
474
450
466
492
503
523
575
4
417
438
453
465
459
434
374
397
400
418
444
456
471
491
507
517
519
162
183
195
219
479
21
11
20
32
48
71
87
107
118
129
570
545
564
0
29
13
160
190
166
254
68
91
97
121
249
234
254
469
482
473
493
439
463
472
494
505
512
533
548
538
548
537
30
39
385
376
389
374
396
407
254
265
274
308
332
340
219
72
86
109
87
102
91
206
392
24
45
498
258
547
573
430
436
462
474
492
468
489
476
494
9
22
2
31
555
390
404
417
433
459
443
421
414
420
434
459
475
480
469
490
468
484
464
489
499
516
539
365
373
399
414
435
462
464
489
508
487
131
154
131
159
477
484
75
53
72
88
43
16
521
542
545
561
15
30
42
54
76
53
78
95
79
82
104
124
138
148
170
155
171
149
409
418
440
521
87
105
124
98
123
138
230
247
258
553
442
458
470
494
474
494
472
480
390
412
419
400
398
370
390
401
421
447
463
478
463
281
291
315
331
347
354
371
37
60
65
58
70
48
317
301
75
90
98
121
100
121
207
178
196
184
192
220
227
251
271
282
268
283
298
305
333
340
481
497
524
508
526
536
42
118
143
149
436
449
465
494
443
455
472
489
503
158
160
177
106
1
562
7
564
6
526
539
515
533
548
529
557
570
8
24
41
52
34
58
32
63
45
489
269
278
294
305
321
307
321
319
114
107
121
96
125
446
425
407
565
15
16
32
48
75
50
35
48
66
54
43
55
68
51
65
59
70
83
107
121
139
126
142
113
143
121
129
116
143
114
139
153
165
183
205
460
433
406
417
432
418
446
451
395
410
396
368
356
370
320
308
329
316
329
318
142
146
165
184
192
215
446
450
478
494
497
522
483
498
519
271
238
243
267
275
290
287
302
319
328
350
358
347
362
379
397
401
421
438
452
464
482
501
490
503
522
542
523
533
525
536
551
542
554
574
13
30
37
51
47
50
76
52
92
74
85
105
126
514
534
554
236
243
399
279
262
250
258
407
396
406
417
441
451
466
492
507
519
528
518
541
192
215
500
516
99
83
433
438
451
465
306
302
309
324
348
359
347
367
374
366
383
180
198
218
226
244
224
255
268
474
486
338
332
204
213
228
255
270
279
303
316
125
102
49
70
454
390
371
397
369
387
414
466
43
247
257
193
187
198
211
201
185
463
476
495
563
14
25
38
63
66
92
424
228
249
256
278
513
537
84
101
119
134
159
164
181
192
209
81
71
485
469
458
438
419
444
449
475
449
439
454
377
40
17
46
89
101
114
143
156
165
266
277
67
54
64
58
75
59
571
0
28
38
63
75
384
525
528
545
451
479
480
234
240
268
275
297
285
289
310
331
315
298
280
296
319
320
338
360
337
366
382
391
406
424
436
79
81
103
116
111
81
97
112
141
157
121
128
146
175
187
197
223
234
250
268
246
535
524
497
524
497
493
499
493
52
67
86
66
89
232
222
192
217
236
249
134
150
161
201
223
276
140
146
571
552
567
3
568
2
23
49
261
237
249
491
509
512
503
490
503
519
530
208
228
396
401
431
446
457
468
495
470
494
508
527
530
516
510
521
465
481
465
492
508
514
545
565
7
571
11
29
15
570
3
26
37
49
70
56
73
91
79
50
64
395
412
499
522
528
548
561
2
21
46
19
41
51
70
84
107
114
97
117
424
407
420
434
455
443
452
3
465
487
499
490
505
522
536
554
570
14
20
43
57
70
470
288
316
321
336
364
47
23
7
539
547
568
545
563
11
564
12
29
42
60
69
86
106
218
225
244
239
243
236
211
235
214
230
208
230
254
257
247
229
352
382
399
414
417
413
428
432
448
478
492
500
469
77
87
111
573
11
22
550
567
551
565
0
20
46
55
76
90
78
76
89
70
90
104
127
139
150
140
349
353
247
265
250
262
254
526
531
549
569
14
561
459
433
452
466
490
500
515
541
522
511
523
237
255
231
219
342
354
380
387
376
391
90
67
88
71
84
415
430
441
451
478
482
477
492
503
484
500
151
133
550
561
3
27
8
569
14
28
361
342
134
144
168
190
205
213
231
299
315
333
120
105
91
471
482
509
525
532
239
241
236
249
239
213
466
486
508
50
33
57
79
61
144
169
179
200
176
206
415
70
83
109
116
138
155
163
185
204
211
203
216
232
243
278
292
272
256
273
293
307
320
336
367
6
17
15
163
149
134
154
62
66
92
106
114
133
153
163
186
164
183
194
178
202
221
202
208
198
537
146
167
159
128
148
135
155
165
182
199
221
20
46
49
570
96
114
104
115
134
150
161
177
200
191
204
180
160
190
206
214
231
210
184
197
208
236
255
238
246
269
284
264
274
259
272
288
319
334
306
329
442
462
436
431
440
452
476
482
60
356
380
348
366
131
112
109
120
139
120
99
440
461
299
318
300
317
335
337
421
44
52
38
52
71
81
351
363
366
378
356
383
394
410
431
405
419
295
308
227
249
268
183
196
209
231
2
420
437
418
442
418
447
524
211
197
217
237
252
269
517
529
276
302
283
299
281
256
554
52
75
543
547
566
92
103
117
97
113
131
151
149
160
191
539
553
571
10
572
1
566
12
290
219
401
428
401
428
442
458
415
416
439
568
15
568
15
18
12
26
373
391
413
392
415
385
376
97
117
103
65
83
110
118
141
149
457
503
487
243
259
283
300
304
299
274
292
312
333
305
323
351
367
368
388
383
366
368
358
371
298
313
300
311
297
306
331
312
299
231
216
105
88
263
275
262
285
269
332
206
520
500
512
498
131
118
129
153
137
123
110
126
288
316
326
317
292
307
327
171
287
546
517
529
553
563
556
383
396
569
547
566
9
561
11
26
37
326
341
357
369
367
381
359
374
399
401
428
436
453
464
492
505
524
543
548
568
556
570
554
562
8
493
498
512
534
558
563
553
74
54
37
170
185
196
219
234
250
124
310
327
336
321
338
355
69
82
74
92
98
32
54
78
575
6
567
10
27
13
561
547
534
549
561
549
538
520
543
523
449
253
231
208
192
212
231
215
237
209
256
281
290
285
295
314
335
534
569
5
500
515
504
525
395
411
422
442
450
467
495
473
108
120
142
148
168
153
170
231
255
263
274
294
284
294
508
144
172
190
193
220
460
248
250
259
254
265
247
258
254
259
285
138
127
156
160
191
205
208
398
414
395
370
393
561
9
573
12
31
39
55
79
55
71
90
238
254
387
378
364
368
390
406
425
447
416
433
453
135
156
168
182
193
210
226
251
56
65
85
104
127
142
303
310
38
30
4
18
39
62
65
91
171
35
53
47
56
72
62
72
87
99
90
102
129
154
162
7
276
263
221
237
248
268
240
232
240
265
242
248
516
528
555
571
7
21
34
330
346
353
380
394
377
384
372
362
349
358
383
540
325
220
226
251
493
510
527
535
545
531
549
568
9
153
388
412
425
440
459
470
491
465
135
156
166
188
200
191
195
185
202
218
224
244
269
274
20
13
564
553
573
13
16
41
59
66
102
82
69
82
104
94
111
87
78
95
98
32
58
78
84
75
81
107
124
138
75
86
3
61
79
82
72
87
65
86
77
56
73
86
106
92
100
119
99
127
136
155
130
112
139
550
334
319
293
48
44
60
77
83
101
117
507
30
41
52
79
82
71
54
76
95
79
86
99
86
75
84
105
85
111
125
28
34
50
44
61
34
49
74
48
75
116
140
537
547
560
559
562
14
571
544
275
302
306
299
76
58
33
52
72
51
74
140
158
160
256
272
300
306
324
343
360
542
552
560
554
560
0
28
42
63
42
16
45
28
39
461
470
493
57
71
81
109
121
142
157
135
156
164
184
204
190
168
206
105
122
140
126
102
125
138
145
170
563
202
218
225
255
371
303
287
294
305
329
304
299
306
334
4
50
77
93
72
526
535
309
332
342
355
373
483
497
525
541
517
537
80
108
120
143
159
169
187
198
65
87
102
126
141
155
172
186
280
407
417
441
430
442
457
438
417
442
481
511
521
508
494
501
524
537
557
330
350
523
537
525
528
549
575
326
512
498
520
508
482
137
159
133
144
160
151
130
122
128
148
161
177
172
184
203
215
235
251
484
500
520
543
547
572
553
565
267
285
300
306
303
310
344
329
347
353
346
334
304
298
316
320
351
366
382
366
350
363
434
454
447
425
445
422
441
449
466
489
510
568
13
31
4
348
352
376
543
558
561
2
571
8
322
407
420
445
456
433
431
441
460
465
485
24
38
60
46
54
75
441
395
412
420
409
425
444
423
438
450
475
491
499
18
42
138
265
283
391
413
429
442
463
468
480
471
485
355
373
365
373
354
383
393
409
423
166
512
534
515
531
545
529
551
570
0
399
410
421
338
364
376
514
508
519
536
551
575
7
328
350
355
369
393
381
362
341
357
375
87
100
449
31
46
63
34
62
76
90
111
91
104
112
215
225
115
133
247
260
514
521
541
549
564
552
573
4
226
240
266
213
205
217
229
249
267
242
262
244
268
354
345
360
342
352
380
392
401
427
413
421
445
431
433
462
474
489
477
495
464
487
507
525
529
551
574
14
19
36
62
568
11
27
43
387
80
413
424
438
452
474
494
503
512
502
518
529
326
338
359
370
361
383
113
25
12
31
476
462
444
448
471
482
469
481
502
523
532
549
531
553
573
3
27
36
62
69
85
104
20
35
20
44
51
73
92
97
121
491
499
514
540
558
538
554
535
549
560
3
562
13
30
8
31
242
227
210
228
253
266
273
290
287
289
310
320
315
333
311
389
407
421
440
461
445
417
404
424
447
458
472
483
474
493
496
493
479
483
506
516
496
517
510
524
529
553
537
558
529
556
570
490
511
524
535
544
561
556
311
298
272
229
213
193
217
228
250
256
285
302
312
329
85
102
113
107
117
100
118
372
352
342
365
375
352
348
352
378
386
412
283
260
244
147
131
127
134
150
172
240
269
434
421
123
489
509
482
505
254
271
248
269
278
289
312
13
27
4
23
46
54
76
528
555
538
409
431
442
458
473
488
96
126
130
119
256
285
299
284
294
277
293
315
333
340
526
543
555
560
551
543
557
532
557
572
14
28
5
30
41
61
73
91
101
115
140
156
175
157
160
187
113
101
119
110
94
99
92
107
115
13
567
8
18
537
544
512
533
558
573
15
22
33
61
70
94
72
95
557
569
15
28
1
23
4
563
1
22
44
61
69
93
96
88
96
124
128
126
97
126
97
123
68
557
568
13
16
33
21
5
31
46
53
75
80
483
478
489
465
494
510
482
62
272
299
311
331
340
170
190
206
186
195
181
360
376
387
405
427
402
422
438
414
384
401
430
403
391
413
418
442
487
499
485
72
92
103
117
365
380
395
401
427
400
424
446
453
473
486
508
521
360
381
386
86
78
88
106
120
404
416
438
417
444
495
508
52
71
93
100
89
67
83
109
119
133
150
170
187
196
209
230
240
266
487
423
443
458
468
458
373
395
400
424
436
426
436
459
405
427
437
459
157
171
146
162
146
171
188
201
221
224
249
77
63
78
82
97
94
110
124
131
150
143
152
281
269
242
260
276
298
278
163
491
502
182
205
524
511
297
287
296
283
370
399
382
388
375
17
152
165
182
172
191
202
216
195
99
441
448
50
68
59
67
52
66
91
94
101
120
138
145
169
181
52
44
49
15
29
162
183
170
389
402
385
409
431
434
449
321
316
321
344
265
501
520
541
553
535
519
537
559
571
4
16
34
57
76
55
66
81
110
330
338
366
378
393
411
394
413
170
181
207
222
235
251
455
468
482
498
125
464
480
503
495
419
440
460
438
454
443
457
476
443
449
464
488
499
491
501
527
321
346
355
223
200
213
200
214
197
189
196
222
241
324
343
356
369
479
450
443
461
472
314
329
336
325
525
154
134
157
175
179
193
212
236
247
258
278
295
309
328
319
23
44
50
369
354
372
501
527
126
129
18
45
450
51
77
82
107
90
105
95
102
93
102
90
103
283
266
275
346
360
215
238
246
266
272
292
311
290
155
175
253
262
280
302
309
329
338
352
377
390
495
194
180
202
216
231
249
237
246
487
500
517
539
559
570
551
397
383
387
381
391
402
190
196
208
227
432
243
234
252
372
390
409
427
433
457
434
61
76
84
45
63
72
90
319
335
349
360
370
363
368
395
382
397
414
398
548
567
6
28
267
272
299
279
301
275
300
284
294
315
330
346
355
528
417
447
452
437
458
436
146
168
187
167
182
195
218
206
179
206
221
193
185
192
209
205
213
236
194
216
203
212
236
215
224
250
256
285
303
517
495
478
492
506
57
79
95
98
113
141
536
552
528
327
345
362
372
398
411
466
490
502
6
31
12
30
40
52
120
133
157
162
152
172
186
200
360
432
448
530
547
51
41
503
516
539
221
239
211
234
249
263
276
299
498
515
532
555
542
512
511
514
542
445
460
469
493
506
515
532
555
560
6
18
553
538
235
464
481
498
493
476
69
14
16
263
283
297
316
332
306
329
169
190
203
214
209
196
212
437
418
442
460
472
451
465
482
468
488
486
472
482
498
515
534
495
464
492
471
109
119
139
116
133
157
172
182
162
185
166
181
192
211
238
249
264
273
268
287
298
276
256
240
269
286
294
273
299
311
254
163
179
203
187
203
336
357
245
228
244
224
242
227
242
230
253
256
278
297
306
335
486
398
414
326
347
353
273
289
273
299
315
565
456
468
451
335
341
352
378
399
371
397
404
426
444
459
476
454
477
483
510
220
237
217
115
135
120
137
147
175
183
203
209
235
247
269
282
295
314
321
179
172
179
30
132
112
363
347
358
537
526
535
545
560
545
543
518
40
48
78
84
77
81
75
85
71
94
66
88
102
335
343
363
372
394
401
426
55
450
468
482
498
540
556
571
13
30
537
527
542
553
543
558
489
502
514
531
550
560
2
471
484
152
137
149
160
524
502
512
259
275
299
312
298
307
458
470
495
506
516
543
526
533
551
538
31
11
23
97
117
379
186
204
213
235
246
256
272
160
184
196
220
231
220
201
190
202
58
44
51
73
158
160
150
174
182
206
208
341
365
377
395
414
222
126
141
156
160
451
473
474
485
506
100
127
135
158
51
73
50
79
85
110
118
105
415
389
412
431
444
571
556
541
515
498
516
162
189
481
503
488
465
448
132
574
11
28
24
43
62
73
574
10
19
32
54
72
537
545
569
548
567
26
15
19
10
22
47
54
40
219
64
55
230
308
574
555
563
304
238
439
453
476
488
498
334
350
354
328
336
355
379
392
403
429
439
463
470
461
471
481
357
538
548
567
260
282
263
287
266
284
299
306
295
49
76
51
38
51
76
87
74
86
66
81
111
490
195
214
230
223
233
122
138
156
167
155
173
391
415
431
474
453
477
453
437
461
545
534
544
570
160
181
528
554
541
559
395
401
421
435
462
468
449
457
471
492
470
200
211
234
90
98
126
211
225
338
370
398
400
460
472
489
500
520
540
552
491
497
454
445
453
478
486
465
104
85
99
125
108
126
133
146
173
185
196
216
194
514
537
355
374
90
100
120
349
353
491
474
494
511
540
558
245
267
241
260
252
263
250
234
245
264
316
302
460
476
451
475
486
498
331
341
125
98
301
304
331
338
362
349
318
302
305
302
276
294
273
289
316
327
345
362
370
391
403
399
182
202
222
225
208
234
246
269
281
171
190
207
219
195
222
228
250
265
284
295
200
221
227
210
502
514
530
553
541
56
75
502
517
534
440
456
444
430
447
424
413
423
403
239
221
228
222
239
240
257
132
567
0
31
39
24
4
16
37
143
158
175
191
422
444
449
435
59
70
86
97
119
141
147
137
121
132
151
141
147
170
112
222
238
212
225
219
158
174
560
12
25
483
525
532
545
537
547
574
5
316
332
351
354
374
397
405
429
406
422
433
90
70
82
102
117
571
4
29
97
81
66
88
110
117
143
114
130
156
167
190
198
217
236
220
201
212
237
220
198
466
459
447
137
149
163
184
110
113
139
155
133
295
384
380
124
106
91
97
113
101
118
111
1
148
131
153
137
202
80
104
112
141
154
136
156
132
154
160
180
196
184
201
221
231
254
258
277
264
274
165
191
199
197
218
234
248
263
280
16
34
20
233
96
148
174
182
206
219
233
106
116
111
120
134
149
164
178
194
88
261
273
293
63
78
82
426
410
275
300
317
98
124
108
118
142
156
164
216
211
236
200
220
224
246
228
252
260
286
84
105
114
133
342
367
342
329
317
295
281
294
313
410
386
403
420
396
405
331
311
301
319
322
339
301
306
300
274
295
102
87
376
389
401
231
292
315
332
351
153
164
178
331
59
73
86
78
49
70
81
110
120
270
286
149
161
185
202
187
173
181
200
210
206
334
344
359
379
359
369
384
370
397
414
423
401
427
433
344
463
472
480
475
482
496
523
503
487
509
523
507
483
467
482
497
109
94
357
340
333
405
391
408
429
402
426
435
424
514
536
514
533
515
532
558
536
358
373
358
382
359
190
473
493
472
16
33
54
71
172
177
194
219
237
254
258
241
186
196
220
332
345
358
344
355
338
335
346
320
284
5
20
39
56
33
57
76
88
111
95
109
124
107
118
142
154
160
186
527
532
546
570
14
31
47
528
548
10
571
5
16
155
104
86
107
126
130
322
310
290
284
289
275
47
21
362
336
471
485
522
504
521
507
524
538
497
263
280
292
313
320
342
328
317
324
444
420
196
208
232
241
271
272
293
314
320
39
50
146
175
155
130
151
138
307
321
350
362
372
365
350
362
373
353
368
109
118
128
148
422
413
426
445
429
415
415
420
432
427
412
426
445
424
409
403
428
410
397
405
431
414
421
563
13
23
36
48
179
198
217
238
246
271
242
51
70
264
281
291
317
290
494
466
482
504
522
539
520
529
481
511
513
540
559
566
546
454
471
481
504
517
529
526
534
558
539
522
542
556
530
546
350
365
369
355
342
360
382
361
350
530
549
538
550
570
555
569
13
21
1
26
3
17
47
19
42
55
68
93
64
89
108
116
139
158
256
22
1
24
36
116
138
155
162
156
23
0
573
558
537
552
528
551
537
516
532
546
534
554
575
0
567
44
534
526
543
212
36
63
71
83
66
85
75
93
76
453
492
498
527
543
544
574
288
165
179
163
185
199
223
205
211
236
32
179
210
195
222
224
247
262
283
240
270
285
298
315
290
314
320
77
92
66
81
109
112
129
143
144
165
181
198
215
228
254
268
572
1
569
559
563
6
572
546
563
545
575
237
255
109
119
143
148
183
195
547
565
4
489
508
486
3
569
548
565
9
29
14
148
162
186
169
256
276
302
220
231
243
268
275
290
313
330
343
357
385
405
94
73
85
285
303
317
289
422
434
459
476
489
550
536
545
569
361
368
397
5
17
40
353
341
365
381
393
377
398
382
394
400
396
413
428
432
457
519
532
546
568
7
31
34
54
67
92
105
116
104
114
139
116
130
155
164
185
203
218
238
255
181
513
541
545
530
521
506
521
534
500
493
474
485
476
495
464
451
466
480
467
490
498
516
509
140
145
133
152
165
89
121
140
127
137
20
2
257
280
378
356
435
452
472
491
473
489
504
556
567
10
24
46
61
78
90
73
63
72
310
321
370
354
344
320
174
180
199
208
238
251
262
279
46
422
438
462
472
457
474
490
498
527
534
545
564
15
571
0
18
34
63
169
185
77
93
357
337
501
525
187
198
211
233
244
258
278
290
400
397
413
416
528
553
562
8
27
42
20
12
376
391
332
337
331
343
274
300
282
451
432
458
475
64
229
213
232
251
267
406
391
374
384
401
449
445
451
108
122
139
113
131
153
132
119
358
343
358
351
358
368
394
0
562
12
569
3
22
87
100
526
505
491
473
455
476
8
18
46
53
77
86
100
93
72
83
79
95
100
114
97
112
130
159
170
183
452
475
453
456
435
329
349
324
306
332
176
166
183
160
190
197
177
204
189
173
186
196
443
460
44
53
73
90
98
112
97
121
140
112
130
150
161
191
206
221
192
216
544
575
267
275
566
6
563
499
527
542
545
533
545
541
546
572
13
29
15
17
0
24
185
207
209
235
244
265
278
268
276
110
121
139
117
183
202
219
230
210
200
219
239
241
78
83
74
84
105
87
99
396
407
399
373
389
373
356
28
3
29
34
19
36
362
369
390
400
82
523
530
558
564
457
473
485
513
496
314
326
312
334
339
363
280
293
319
301
328
338
356
371
394
406
416
444
430
436
451
550
566
14
357
376
511
343
363
356
340
331
339
357
349
364
381
384
273
291
319
483
500
554
565
461
476
339
353
377
394
414
392
380
388
408
426
139
153
162
186
32
52
314
512
530
525
223
231
485
503
177
202
210
237
249
261
282
288
308
324
313
289
314
334
46
58
270
245
257
477
191
175
159
128
144
284
259
275
290
318
327
341
79
89
108
115
139
148
161
154
165
186
72
62
77
92
488
473
6
28
33
50
34
437
450
470
487
546
570
1
419
406
515
537
547
541
545
561
11
28
33
62
78
87
68
228
255
224
491
505
519
540
545
468
487
496
519
499
520
543
228
250
238
432
450
476
88
100
81
103
481
27
561
9
29
67
433
452
477
456
478
484
466
455
505
529
517
500
487
509
519
542
558
565
0
574
9
31
125
131
158
164
188
200
220
232
245
135
155
133
81
97
113
134
118
140
150
170
427
406
384
554
561
553
574
546
529
559
530
482
500
495
499
523
530
556
497
525
538
520
509
513
497
517
534
239
150
167
181
201
215
207
214
230
253
266
279
301
308
10
22
35
61
429
402
395
235
396
415
399
400
396
412
425
433
455
445
480
444
458
444
454
475
451
363
375
420
444
455
466
481
93
98
86
102
122
163
189
205
212
232
242
266
274
478
484
501
41
26
34
138
147
163
185
501
512
538
515
533
545
569
9
566
13
564
1
254
263
245
262
247
267
278
297
306
114
462
468
463
475
459
477
481
242
268
65
88
101
564
3
16
40
62
36
48
557
569
2
22
43
29
379
460
476
493
497
480
437
309
326
341
356
369
357
382
523
328
340
362
373
242
264
243
271
274
258
280
48
78
85
78
95
101
112
134
148
161
564
493
506
516
536
550
176
196
219
224
245
430
444
455
435
454
471
493
280
155
162
177
193
190
196
211
228
12
161
159
160
191
272
300
272
302
319
322
351
366
369
353
122
142
146
161
185
147
301
287
290
280
269
286
298
318
324
310
301
306
329
163
187
204
215
236
253
262
278
298
318
320
348
359
441
463
472
456
434
82
98
119
142
159
165
176
195
191
200
155
175
153
293
93
109
95
110
117
105
83
100
119
141
155
172
182
206
481
510
522
538
527
350
326
350
356
344
352
370
393
368
395
373
384
404
420
443
481
467
492
505
515
71
83
107
82
124
132
117
428
364
381
568
555
538
518
540
545
280
340
365
376
298
304
296
286
300
284
292
316
323
336
320
339
352
381
391
434
459
440
474
498
95
104
125
135
115
140
154
165
187
202
112
128
146
166
157
374
386
413
411
426
438
457
433
151
163
182
205
217
227
255
302
312
335
440
313
324
345
356
378
541
549
573
15
560
7
575
6
17
39
56
44
26
34
58
47
55
41
52
76
81
102
84
105
117
99
115
143
151
172
145
175
189
12
17
164
156
171
181
174
153
438
460
479
463
434
428
439
457
469
482
507
514
529
204
191
101
122
459
446
417
440
461
445
418
407
425
401
422
435
423
433
426
414
478
483
497
522
525
500
316
302
447
459
479
491
507
523
538
558
567
5
575
4
21
3
28
406
387
409
416
400
425
413
424
415
398
415
426
153
134
144
170
183
205
219
239
142
146
160
181
216
235
284
303
104
121
272
303
311
288
307
332
318
189
165
186
196
516
509
493
502
521
543
519
530
522
242
265
251
354
377
358
336
359
370
387
403
425
432
456
470
486
499
523
498
521
525
539
558
569
12
25
38
53
9
31
42
528
547
573
10
569
451
479
488
502
527
528
553
560
6
23
183
198
210
227
244
267
275
364
374
387
401
44
55
34
26
43
58
301
315
321
348
357
343
367
379
391
401
430
438
454
473
485
158
173
476
490
472
485
504
483
502
430
439
458
140
146
162
148
160
467
105
94
254
238
246
230
245
236
213
85
99
435
461
473
518
539
515
535
556
562
11
570
0
115
133
147
295
307
290
310
320
308
66
53
65
91
65
381
48
65
86
106
80
109
214
228
247
270
278
297
305
332
346
326
345
360
374
387
376
392
408
422
445
535
555
570
12
24
134
125
133
159
175
159
173
185
199
219
232
249
259
286
302
315
294
316
332
343
354
370
354
381
397
407
295
315
290
280
297
318
252
268
272
289
277
7
22
376
395
377
366
380
390
403
388
87
575
0
23
43
61
45
60
64
63
460
442
8
29
37
19
42
405
389
380
266
426
439
461
479
489
500
488
511
526
543
548
571
7
2
21
47
58
77
93
79
52
70
55
41
478
455
104
494
511
482
498
516
562
490
507
513
426
96
112
549
528
556
535
513
540
557
557
538
557
569
11
26
37
49
78
87
110
121
130
157
131
150
138
118
108
95
99
122
136
156
168
153
138
151
141
149
141
113
131
112
99
146
163
183
75
94
67
86
409
110
127
96
116
135
155
164
121
85
32
62
71
84
105
127
104
123
229
304
326
349
356
336
566
10
275
302
310
545
560
14
566
15
560
9
29
45
210
232
243
55
40
56
40
18
44
48
40
55
64
87
103
94
98
125
131
158
162
152
172
185
197
210
194
211
206
220
227
216
367
366
383
398
401
428
437
173
190
199
218
231
254
184
192
219
228
245
260
243
270
132
126
206
215
227
241
270
287
296
305
321
349
356
371
571
4
17
132
432
423
435
420
447
416
447
422
440
460
476
71
58
33
53
209
235
252
186
7
567
12
17
12
20
8
22
150
447
426
406
428
404
428
447
424
441
422
415
423
532
513
548
79
361
368
354
343
357
29
472
451
465
495
392
405
399
106
127
105
350
413
396
410
416
440
423
439
453
441
458
472
490
505
527
506
515
529
518
542
553
567
4
28
270
272
327
341
437
463
476
481
505
488
498
372
389
404
417
440
422
400
424
435
424
407
396
119
137
106
113
513
502
522
76
52
424
438
414
390
415
418
446
462
469
170
150
174
178
28
435
449
445
416
434
458
437
460
437
422
433
461
443
484
500
514
496
174
303
304
324
73
279
260
251
260
254
256
277
302
319
331
308
95
96
120
105
79
61
67
425
433
421
373
393
415
416
414
429
539
556
566
15
21
33
511
490
508
517
542
551
572
10
31
43
50
68
80
65
91
103
556
531
559
536
556
568
554
528
314
156
170
168
188
84
75
62
72
59
255
265
276
438
449
447
211
207
176
127
98
113
139
149
130
155
136
147
174
227
252
260
272
290
465
491
502
522
542
551
562
10
26
478
486
498
519
298
204
516
413
38
50
79
81
107
116
143
158
162
147
160
177
200
221
225
211
235
247
270
287
267
240
267
285
502
269
274
158
174
191
175
181
205
219
233
222
231
243
230
246
263
286
297
306
293
285
183
204
481
472
489
509
521
532
553
562
8
564
2
30
6
29
39
18
32
60
454
2
26
2
184
168
178
162
178
170
347
357
468
485
496
525
501
494
474
450
434
459
471
482
500
520
528
556
528
545
574
56
72
89
74
94
108
126
128
151
134
148
372
386
403
395
380
363
371
356
376
386
413
418
443
105
117
15
16
38
30
5
20
44
55
76
50
75
199
213
203
221
238
242
266
429
440
449
438
261
277
301
308
188
197
220
228
241
256
335
344
361
371
149
166
185
170
510
517
540
550
573
7
31
44
62
32
50
39
62
227
250
225
352
520
503
522
539
550
542
548
565
558
449
444
421
441
448
475
403
397
411
421
434
463
274
301
311
320
348
332
349
325
344
323
337
352
371
391
379
387
30
145
167
572
201
209
229
246
267
247
268
274
516
510
512
499
357
383
391
404
186
192
187
170
152
128
158
150
169
190
194
230
37
54
73
90
100
88
109
119
521
502
513
536
556
541
547
540
557
571
546
566
11
20
14
572
557
531
544
570
559
532
514
529
521
497
515
496
515
537
2
21
84
108
120
130
12
502
512
533
524
531
517
505
480
465
489
511
513
529
550
538
558
542
517
529
207
184
195
214
233
254
267
283
415
417
441
462
441
456
436
348
512
539
555
563
6
271
482
500
488
499
521
541
553
535
553
534
552
280
298
311
328
343
362
376
359
348
353
351
357
344
355
375
395
404
422
451
465
481
504
102
122
136
158
134
247
260
267
276
295
566
7
26
15
560
10
25
43
56
74
55
64
56
77
390
402
428
443
543
552
560
5
133
146
167
176
182
204
210
237
248
270
281
265
50
526
538
545
541
33
56
66
63
65
89
77
80
71
80
103
84
74
84
100
572
553
565
13
22
177
193
209
93
101
92
104
116
523
538
548
560
4
223
201
216
233
240
232
289
313
333
496
144
174
281
300
309
333
57
65
368
386
378
518
101
123
143
151
143
157
173
183
228
249
265
279
257
461
392
400
424
432
457
479
490
473
454
383
363
375
386
285
46
118
143
158
128
149
172
189
195
215
226
254
400
155
278
290
312
288
304
321
475
491
507
512
97
116
103
107
114
511
283
544
8
568
10
18
37
61
66
82
107
119
134
157
173
187
164
149
172
190
207
220
229
128
331
346
358
169
153
413
389
400
192
221
298
314
289
146
163
144
165
180
194
186
197
212
230
213
225
223
226
253
264
531
558
575
3
21
52
47
62
47
50
536
552
568
12
18
47
58
37
50
79
87
98
92
361
368
384
315
326
346
354
380
358
339
366
346
321
351
460
229
215
239
241
258
281
386
274
293
161
188
207
213
234
219
225
255
260
278
152
166
147
545
567
557
574
14
20
15
20
44
55
43
61
66
87
96
80
110
126
141
148
173
190
199
182
197
208
225
321
350
353
386
400
420
412
428
126
132
157
171
152
170
192
223
234
241
257
353
374
394
521
541
406
418
447
458
441
451
388
99
117
135
124
139
147
168
185
197
213
236
216
237
208
119
155
168
145
129
114
132
156
175
158
162
151
138
153
165
177
245
263
286
298
319
320
347
359
376
264
285
292
310
326
336
335
2
23
32
55
71
48
77
91
65
49
76
94
508
212
196
217
202
171
506
523
536
552
454
468
491
501
523
379
365
44
61
76
85
264
278
478
495
503
512
535
552
575
4
566
550
563
4
26
33
49
67
85
81
499
334
379
359
374
261
287
265
253
264
282
298
314
334
318
335
341
279
291
318
290
318
301
311
326
340
366
339
252
43
29
12
380
363
382
395
408
384
413
428
442
452
478
486
501
514
532
546
565
548
116
140
112
130
118
135
156
167
475
483
505
275
297
317
295
286
208
233
243
260
243
263
361
381
362
376
390
184
204
209
239
412
388
378
363
372
384
409
395
401
424
435
456
467
327
336
536
556
574
5
29
37
50
41
63
72
560
5
563
26
123
141
117
136
125
138
144
171
186
170
190
203
177
203
294
233
250
233
38
472
494
506
486
130
157
172
157
164
111
123
98
116
106
120
128
269
285
237
245
259
277
294
281
291
314
320
344
359
347
363
381
366
379
396
277
299
282
295
304
295
278
301
272
266
285
241
270
279
298
280
258
254
423
444
463
437
535
128
146
130
153
165
183
523
540
255
232
106
188
167
147
161
527
497
495
496
517
541
323
337
371
399
409
429
413
431
409
424
433
569
9
30
44
24
34
24
42
53
201
208
236
245
237
113
207
217
227
248
257
281
292
309
325
337
359
373
396
415
399
415
541
552
272
271
278
272
288
314
334
348
144
161
178
201
180
206
189
204
209
204
188
489
505
527
543
549
572
3
28
41
27
183
202
221
231
251
350
116
486
167
258
276
296
319
450
472
209
233
367
229
223
228
244
257
286
296
315
333
42
56
64
84
103
119
141
154
166
188
199
188
166
185
329
338
364
369
390
113
232
193
220
236
242
259
249
262
283
292
287
289
306
299
307
332
347
354
380
363
369
393
411
429
440
293
283
302
306
333
338
340
357
371
355
374
388
371
384
401
418
442
461
471
218
214
357
382
394
412
419
435
453
437
449
474
452
466
429
434
456
467
89
459
464
489
477
481
509
517
28
38
27
2
552
561
4
141
119
137
126
134
155
131
146
160
191
207
217
233
254
390
378
393
404
385
462
466
482
503
517
320
287
270
283
435
457
472
482
496
521
497
512
531
557
564
4
24
37
53
32
59
70
86
98
117
84
99
92
109
124
131
154
168
145
17
46
31
33
58
66
81
106
89
101
108
116
138
35
51
253
440
451
337
360
373
387
406
421
434
423
380
355
348
361
381
397
408
396
405
564
0
120
406
418
442
531
548
575
1
29
474
96
121
71
82
109
541
518
511
512
505
513
528
548
562
546
203
222
232
249
263
240
262
272
298
308
330
311
449
469
450
470
129
147
170
150
164
180
202
220
203
211
138
121
129
127
135
159
158
172
184
197
216
234
243
266
249
261
251
227
245
271
298
318
327
350
354
337
365
380
385
100
113
143
112
110
118
102
112
99
21
5
21
60
339
367
348
325
346
335
336
363
382
392
293
306
328
306
326
338
357
202
189
204
217
228
248
271
156
174
188
202
208
305
321
339
323
312
379
395
404
416
445
456
469
492
497
201
186
168
292
308
289
433
429
412
391
520
540
521
511
315
329
340
361
570
559
569
296
317
300
275
301
448
299
313
335
307
326
313
326
346
359
377
16
9
29
39
59
79
437
419
406
36
52
520
529
553
132
149
164
107
112
98
117
105
126
235
217
228
248
271
283
406
272
297
304
372
394
411
395
378
213
231
245
228
242
260
156
173
388
402
423
404
425
404
392
347
365
382
385
370
385
381
391
378
384
414
387
411
393
409
427
81
103
125
489
59
430
437
452
473
480
30
12
29
47
24
144
248
269
279
294
311
261
282
289
328
350
335
11
28
39
57
66
429
406
430
410
420
442
251
269
240
227
213
229
527
542
553
566
553
567
544
541
545
532
182
289
340
365
341
365
381
354
339
366
339
352
449
476
119
111
95
106
121
96
88
102
127
138
153
168
179
169
176
215
235
395
573
555
571
3
17
9
31
41
50
42
61
74
81
111
233
253
231
244
217
236
247
228
241
227
220
238
210
227
243
300
313
334
343
357
516
541
544
575
5
563
547
398
413
428
401
419
438
463
469
489
508
350
354
60
265
275
430
445
458
472
489
502
489
496
526
529
545
569
14
26
43
50
37
17
8
27
42
55
65
90
102
127
143
144
174
188
196
181
124
546
562
4
31
303
317
328
338
366
369
434
452
479
456
475
492
272
303
554
569
10
27
42
52
64
57
68
88
96
219
236
47
52
79
86
516
541
559
572
181
237
243
38
56
78
94
111
119
137
150
133
121
128
125
129
147
175
186
175
177
173
190
207
210
122
134
496
513
535
474
489
510
512
510
523
543
550
533
527
508
523
543
512
529
554
575
2
270
273
293
312
292
283
301
316
332
344
361
94
47
27
35
28
38
555
532
64
90
100
120
107
117
97
90
102
87
104
488
507
290
317
331
17
13
22
34
58
77
95
105
23
554
423
447
453
471
487
382
386
401
384
406
430
262
279
257
166
185
193
489
507
526
531
445
458
470
454
475
483
509
521
501
513
497
540
533
41
52
101
124
102
112
99
124
519
542
516
536
550
565
9
31
34
61
70
58
36
19
8
26
46
261
281
264
286
303
425
406
396
405
427
433
458
468
491
329
339
356
527
535
526
533
175
145
173
332
319
329
30
502
514
542
549
567
2
563
13
17
34
16
33
17
123
131
352
383
388
414
426
433
418
443
178
172
165
186
192
572
556
461
465
2
21
47
21
37
30
34
309
331
347
320
347
361
179
201
223
235
240
264
23
38
60
74
86
101
88
109
83
104
92
458
478
485
501
518
535
551
570
212
227
248
256
279
303
311
320
337
333
345
366
374
394
404
422
437
455
476
482
309
334
344
360
350
356
378
385
401
422
413
419
441
452
466
484
496
522
533
191
32
59
74
87
513
542
381
391
402
424
409
419
443
453
497
494
479
483
477
495
508
523
537
163
186
195
215
196
211
236
214
199
470
148
160
183
205
190
161
361
344
360
368
345
329
345
363
362
379
384
408
419
225
220
196
176
166
185
201
208
233
214
227
251
262
274
288
304
297
280
290
312
332
309
335
347
361
377
7
567
555
173
240
261
273
293
546
561
104
122
126
143
15
65
89
398
406
431
439
139
157
168
179
207
217
229
59
33
61
69
85
96
83
103
84
109
89
108
116
264
275
296
282
292
318
288
318
330
305
288
277
291
311
323
167
153
161
179
284
548
575
550
379
355
282
258
276
288
342
362
27
333
305
391
376
384
377
366
347
367
349
329
350
477
493
472
93
111
120
141
524
307
325
342
357
369
354
368
365
51
44
63
72
95
108
120
282
61
42
56
64
94
108
122
25
19
35
52
65
92
105
124
132
112
130
115
141
158
161
189
1
406
168
46
63
71
92
173
181
169
191
164
184
165
188
196
211
224
242
13
16
35
192
222
231
254
243
271
117
140
155
132
290
312
335
269
282
292
315
334
338
355
340
354
298
95
73
82
108
91
106
125
141
145
130
147
138
123
102
80
96
112
129
152
174
183
161
383
384
107
124
140
158
162
176
171
352
382
385
375
354
568
5
25
46
58
18
45
52
22
533
544
561
546
538
551
574
1
31
37
52
65
90
6
15
20
371
465
503
295
285
240
270
282
301
313
97
123
97
495
479
84
111
355
380
391
401
426
48
78
355
369
388
403
428
441
410
430
401
428
441
449
467
488
473
43
55
68
82
99
120
143
159
161
159
168
153
374
396
404
272
298
60
68
86
66
281
290
315
328
349
352
110
91
98
122
175
147
203
178
206
364
332
73
334
344
362
336
363
340
327
342
357
308
328
336
354
370
385
412
421
405
394
402
430
446
451
391
377
398
380
396
402
385
405
431
440
448
69
95
98
122
267
272
292
304
328
345
353
380
357
382
397
406
424
440
451
555
541
508
513
528
548
281
288
279
92
109
124
353
373
388
401
258
286
289
573
7
294
319
194
50
79
52
73
194
190
201
437
455
479
487
504
520
501
484
499
484
504
492
323
540
553
564
5
517
177
197
222
230
251
269
474
487
377
537
551
539
523
498
519
541
366
348
356
373
221
228
247
267
248
262
248
518
536
518
535
25
45
55
70
59
65
88
97
118
134
115
143
148
161
176
198
509
482
509
490
504
492
311
322
319
325
350
358
378
362
375
552
539
553
560
572
5
30
246
265
284
332
337
353
347
176
168
185
205
413
416
440
456
25
44
48
66
90
65
92
73
52
65
57
78
87
100
91
348
359
382
390
405
418
414
418
443
455
478
160
183
194
372
392
351
27
5
19
45
48
64
340
549
535
516
534
524
476
482
499
519
501
521
508
524
541
547
528
556
537
557
531
547
568
159
173
481
472
490
496
520
501
521
538
515
406
416
204
119
134
158
168
189
203
222
574
180
407
417
307
322
345
358
32
53
464
461
435
461
439
457
477
487
474
362
370
394
275
407
429
300
305
330
266
7
29
37
321
318
329
347
353
236
255
270
283
270
383
384
404
251
270
274
67
81
103
122
133
454
472
336
360
368
369
361
376
390
138
69
83
103
86
78
50
66
82
78
7
25
164
187
206
183
452
432
453
471
485
508
526
533
545
565
550
562
8
21
42
48
70
84
107
116
101
112
111
94
511
518
540
519
54
47
451
479
486
503
495
504
525
185
198
217
225
248
271
283
298
275
301
309
327
339
328
351
321
220
228
193
216
62
566
550
572
1
8
27
45
63
101
113
134
145
175
181
195
221
547
529
550
573
353
382
393
413
384
403
430
407
388
369
396
373
360
378
394
373
254
261
285
261
140
114
134
493
470
488
507
520
539
546
571
557
563
8
30
41
24
317
294
407
395
410
393
189
166
178
192
529
548
566
11
16
43
57
77
92
109
123
131
152
171
176
195
214
225
248
230
240
227
222
228
169
158
169
147
174
178
202
247
267
275
265
252
271
247
264
278
290
318
289
270
279
300
274
266
272
296
307
28
467
454
447
185
165
183
493
498
516
528
522
500
512
501
482
505
91
111
409
42
156
168
176
205
324
353
371
391
404
399
400
416
460
438
458
472
494
510
249
313
327
336
358
374
392
402
421
434
308
323
342
169
53
43
23
36
59
36
49
66
84
302
274
289
313
293
277
259
287
276
298
306
331
346
131
116
110
112
136
149
138
158
175
248
416
443
10
443
279
300
276
300
286
256
283
296
319
327
493
485
498
480
497
514
46
48
64
507
513
536
556
560
11
379
399
405
431
438
452
476
494
511
522
539
553
575
15
16
111
116
135
33
550
561
3
574
482
507
518
508
53
46
60
32
434
463
465
481
473
487
471
483
507
474
456
325
339
366
361
379
399
317
302
311
323
346
445
417
434
419
411
422
435
457
446
452
438
259
274
301
309
301
304
303
273
500
354
305
295
315
290
316
302
282
265
273
289
311
320
350
360
231
242
266
486
505
517
533
546
273
294
319
320
350
334
343
358
377
447
455
440
139
148
306
335
350
365
376
132
115
139
116
139
114
132
146
174
148
165
188
192
219
225
254
257
278
289
273
289
283
370
363
238
249
236
245
227
244
224
242
259
254
457
208
237
221
201
208
236
241
237
220
199
217
231
247
264
284
267
277
294
308
295
315
328
308
332
341
352
372
354
344
320
351
330
347
325
341
358
378
391
475
458
469
451
168
150
175
177
197
187
199
216
230
223
229
218
250
391
414
384
414
386
405
418
444
449
275
300
313
477
430
436
463
476
485
505
513
425
573
11
23
5
561
0
570
544
562
391
382
397
372
395
96
38
56
69
90
496
523
541
515
500
526
534
515
506
520
529
547
531
556
575
71
95
99
119
239
253
256
273
289
310
303
304
324
139
151
163
191
197
210
475
453
477
483
496
524
121
139
113
221
237
250
269
242
259
250
265
272
291
313
325
572
546
571
4
489
259
273
301
307
299
314
334
292
306
335
351
56
29
39
27
106
123
188
172
184
545
568
4
19
45
52
76
89
454
466
494
498
271
515
510
489
154
165
177
200
216
192
221
227
336
367
380
385
404
418
405
485
497
491
457
474
458
434
451
440
455
164
186
144
161
266
277
259
280
299
311
297
312
328
350
463
475
495
475
492
504
494
499
527
509
513
529
514
543
519
537
558
574
5
29
10
320
196
215
235
249
239
243
349
363
369
388
300
275
465
256
245
268
380
94
99
92
108
114
128
159
166
184
200
188
290
309
331
337
329
92
79
53
40
532
521
540
516
1
565
546
386
371
394
408
423
411
387
410
426
403
416
534
513
535
545
150
174
177
205
104
119
135
159
132
151
173
148
168
187
411
123
141
158
171
183
196
212
235
246
490
498
492
500
521
541
514
511
250
262
249
268
275
294
574
549
413
424
433
458
475
495
497
491
90
104
123
139
366
381
394
375
365
373
251
273
288
311
320
341
355
378
366
370
355
339
573
270
285
283
271
285
291
280
290
286
292
318
331
346
364
382
358
373
347
360
351
333
343
355
375
395
411
429
414
220
193
104
114
140
146
174
166
181
203
186
198
188
192
215
237
536
523
541
553
561
544
560
426
415
565
44
49
79
94
107
118
128
155
175
188
202
3
23
11
20
4
253
475
485
500
521
504
522
534
525
538
558
561
553
572
2
17
34
50
79
80
491
267
275
293
278
269
284
298
402
416
439
454
445
382
168
189
264
274
291
310
326
349
353
347
394
403
423
435
454
471
458
361
158
133
214
228
255
267
277
299
287
303
318
299
305
325
339
513
496
481
474
486
504
525
505
515
502
525
535
60
72
87
111
123
139
154
175
186
195
215
236
242
271
236
246
261
273
420
447
454
479
492
502
491
476
487
469
482
509
520
540
554
563
7
26
34
56
560
7
18
1
569
10
29
36
54
38
50
327
348
367
371
447
454
466
488
510
493
466
486
411
417
85
105
326
278
291
25
161
152
134
147
164
183
418
444
454
469
199
180
204
215
196
221
227
249
266
278
333
345
362
64
53
119
189
478
483
510
527
539
553
568
176
206
222
195
183
171
181
194
218
206
177
202
250
262
286
266
243
267
449
469
492
473
449
468
494
500
330
351
354
346
360
368
384
206
220
522
532
557
574
544
543
520
537
14
27
559
542
547
408
441
454
468
485
508
483
476
307
285
290
520
531
526
536
558
563
5
29
46
55
79
99
112
43
27
439
449
479
458
478
493
506
313
320
342
356
348
366
381
471
480
111
124
131
155
225
254
230
251
262
282
258
282
294
312
286
351
433
461
479
480
508
524
540
554
534
546
562
7
16
42
215
237
245
270
278
131
296
317
294
293
316
333
346
364
11
572
13
571
10
23
13
306
476
482
260
287
454
470
480
503
516
542
544
561
9
564
156
162
185
199
213
546
542
293
317
335
346
365
273
293
325
344
352
372
408
397
412
387
413
423
433
448
468
481
500
481
505
523
244
232
242
68
227
250
62
161
155
142
156
172
191
195
184
201
231
354
379
389
405
148
134
155
293
106
110
301
313
290
328
350
353
362
369
394
402
388
403
544
538
545
571
4
144
163
189
160
204
220
431
403
426
408
403
399
413
23
38
19
396
369
385
402
429
445
463
345
74
84
103
118
142
275
513
529
545
122
131
148
172
152
165
183
205
47
63
47
215
224
248
258
290
283
300
315
386
411
416
436
421
441
418
405
387
414
429
21
7
482
505
514
540
283
261
285
573
12
570
549
378
385
487
503
524
537
549
259
417
437
462
86
102
125
101
84
111
127
176
173
185
371
356
348
364
343
122
137
117
110
123
415
420
107
123
413
418
433
453
478
460
467
490
466
423
446
461
434
457
147
167
145
131
148
175
176
204
191
202
214
419
433
427
447
450
474
225
429
447
56
73
502
491
466
458
441
455
479
485
498
513
529
547
566
559
569
4
23
33
53
78
544
560
7
24
41
272
266
255
308
323
338
508
484
503
527
501
526
354
371
391
76
58
68
93
108
127
102
124
106
95
101
125
140
159
162
189
196
219
237
243
233
28
252
262
286
411
388
404
430
546
565
4
21
46
26
3
24
39
63
392
372
367
350
233
242
72
85
100
82
78
93
110
122
107
122
102
119
561
9
86
561
345
352
372
219
193
219
238
243
233
487
471
494
511
488
341
358
345
352
377
397
409
417
436
459
470
456
470
495
511
519
493
2
114
337
329
347
334
350
353
376
393
400
389
415
399
412
427
436
451
478
494
473
489
508
514
273
293
344
31
11
503
419
432
428
443
419
434
424
445
422
433
451
432
461
479
455
445
318
329
340
364
369
354
383
384
503
513
530
558
562
13
21
45
60
246
525
531
556
566
172
181
204
219
235
241
234
252
258
275
300
313
290
319
498
521
152
171
178
196
221
234
251
225
217
227
251
237
89
104
112
140
125
262
244
266
253
283
299
305
474
482
506
489
504
485
464
449
471
486
395
401
431
408
418
447
417
442
2
18
34
52
353
379
490
511
522
498
491
504
533
559
542
549
560
501
527
497
513
503
572
4
98
88
103
85
516
534
146
167
118
136
158
400
421
436
459
473
494
498
30
38
25
222
61
43
59
73
94
66
54
79
87
96
119
136
159
171
182
193
218
224
213
163
187
192
210
227
250
262
245
262
387
401
430
446
462
141
146
166
158
161
186
161
191
202
208
231
219
231
253
407
424
280
295
544
564
554
562
519
516
440
450
1
561
551
565
554
176
174
310
322
350
367
380
393
408
416
434
205
220
95
96
92
109
119
131
148
175
185
193
214
225
243
264
272
303
279
258
280
267
287
290
315
81
70
92
75
84
96
123
114
467
574
196
208
201
309
481
503
520
537
515
175
182
245
224
245
37
50
72
84
21
32
49
66
89
109
492
510
29
334
309
23
34
63
45
44
59
41
61
359
373
393
411
421
445
463
478
482
498
140
159
160
191
334
315
329
336
362
382
384
348
361
347
355
377
360
92
105
123
109
124
138
134
47
54
77
92
295
254
224
154
175
378
397
215
232
246
118
142
117
130
147
73
521
566
553
573
9
24
46
380
388
407
420
239
303
280
289
309
295
310
291
315
328
105
94
99
90
322
340
410
342
358
375
37
61
67
93
150
174
186
194
212
226
251
13
16
41
60
529
547
569
551
570
11
141
145
166
187
207
247
265
238
244
271
255
257
252
270
251
267
245
259
280
289
306
323
336
355
373
393
411
503
489
507
526
533
556
565
1
572
556
532
514
528
539
559
571
3
572
6
29
39
30
34
53
42
54
72
95
131
155
140
456
444
459
468
357
378
156
160
188
207
69
95
110
119
96
91
296
310
321
338
335
489
91
100
119
99
124
104
116
134
430
432
456
469
493
499
518
510
516
541
549
541
549
531
554
567
553
568
424
443
457
468
463
479
7
20
47
368
385
408
416
435
456
272
297
318
335
345
391
400
425
440
416
414
416
438
450
433
461
467
158
162
190
201
214
238
242
263
273
301
284
300
306
320
455
473
480
506
521
506
525
542
549
319
279
267
240
256
251
260
279
298
275
297
308
208
226
428
433
461
466
487
151
171
100
119
140
149
141
145
131
152
161
87
72
88
70
48
77
87
104
122
104
95
103
113
406
426
446
450
522
338
270
285
463
468
461
469
41
17
2
20
42
53
78
90
69
62
79
562
32
15
29
41
57
76
90
386
377
390
408
422
407
388
375
394
402
220
237
246
264
236
241
418
444
452
20
44
205
212
49
77
183
198
216
231
250
164
178
193
219
150
133
154
25
6
19
34
58
76
49
64
84
107
87
126
103
62
38
58
66
88
100
112
131
155
134
157
171
179
182
200
218
202
185
196
131
154
141
148
134
146
141
126
108
118
138
126
107
85
61
36
60
436
430
437
459
436
448
194
219
202
450
464
481
257
251
271
218
206
187
197
178
204
215
237
248
270
275
292
305
334
344
362
349
44
63
69
54
32
485
118
143
445
422
444
458
194
178
199
208
200
218
236
247
268
253
266
318
329
310
300
256
242
317
325
319
320
217
552
563
11
20
41
60
417
433
459
251
225
411
426
441
421
411
339
360
504
519
502
379
387
401
421
432
339
325
505
490
477
450
474
448
447
449
465
448
469
463
478
489
503
522
538
559
571
12
567
545
56
78
379
356
373
394
406
98
81
103
118
373
54
64
77
83
109
507
512
539
554
574
11
19
106
117
99
122
142
122
96
353
374
146
171
185
170
144
84
70
86
106
112
324
173
121
105
112
139
153
171
184
207
215
193
382
399
170
185
203
214
230
445
455
466
481
505
395
407
419
440
410
426
436
418
411
494
471
463
432
425
443
456
478
487
263
133
571
10
30
35
24
177
343
360
368
367
373
185
203
208
224
245
283
291
310
326
347
43
54
36
31
33
50
75
84
108
80
109
84
99
430
441
455
475
505
21
37
31
79
63
74
82
107
127
573
12
22
535
547
568
557
569
212
233
216
228
216
226
243
225
244
257
284
296
295
286
97
112
134
145
170
41
18
43
48
76
84
104
443
462
433
461
471
484
500
491
504
520
532
111
119
143
152
161
191
198
427
437
458
444
461
479
455
475
483
510
527
503
523
509
514
533
558
567
263
249
260
202
187
135
158
161
144
37
52
70
81
72
94
111
127
143
117
109
400
431
443
449
467
547
560
557
573
9
19
44
22
41
20
42
48
369
361
370
390
412
394
404
386
406
423
411
418
75
83
57
71
57
73
80
458
441
455
469
490
217
235
266
273
269
282
303
276
290
314
324
319
326
338
355
377
384
409
418
10
36
53
65
88
106
125
337
332
345
321
469
484
467
491
509
476
209
207
185
201
215
193
221
232
249
236
246
271
272
298
319
328
345
332
338
331
526
538
559
569
258
278
291
244
263
279
290
305
299
278
257
245
261
274
301
400
418
155
454
472
487
505
514
530
525
511
523
212
229
539
544
566
5
18
10
21
11
363
374
384
542
555
9
16
43
56
77
80
97
93
98
11
18
46
208
239
490
504
517
505
575
13
27
6
22
37
55
69
105
113
129
126
132
363
342
365
375
388
400
419
413
397
412
420
415
130
122
133
154
327
347
104
92
245
268
473
480
508
494
510
488
506
480
254
260
287
293
314
321
349
325
353
339
361
371
397
401
420
435
456
467
494
511
515
528
516
535
515
92
64
390
405
386
410
172
187
206
213
125
143
149
310
324
344
352
428
434
455
476
487
461
263
248
263
244
267
276
90
68
351
253
263
274
265
241
256
286
302
319
324
349
353
148
165
151
161
185
198
213
3
575
0
28
43
22
41
58
75
544
575
0
283
262
253
269
280
264
279
77
62
388
409
426
434
407
480
503
527
106
112
128
159
165
183
204
216
197
181
219
228
459
470
488
475
507
525
531
552
561
0
136
444
419
440
198
391
220
228
208
236
209
197
216
268
91
110
120
317
80
367
328
77
56
73
91
108
49
37
61
71
62
67
84
100
215
235
248
262
254
259
278
267
283
293
306
327
125
107
569
2
562
119
132
155
160
178
193
212
232
216
527
540
547
529
550
562
32
31
45
55
68
51
38
367
372
396
405
385
409
462
447
457
479
240
266
241
256
280
348
364
141
124
130
12
17
47
60
66
63
32
56
287
259
245
107
87
97
120
138
112
133
189
192
218
230
242
267
280
295
316
502
526
371
362
336
328
345
172
153
197
330
344
352
382
388
463
474
451
475
489
471
492
506
159
132
146
167
181
524
312
322
351
361
369
393
406
397
401
393
69
83
97
284
156
139
156
172
184
171
188
163
151
164
178
205
137
151
163
149
130
147
172
191
545
567
11
407
245
263
256
278
288
319
109
116
110
119
134
157
173
537
521
534
551
567
13
31
46
30
450
467
187
193
210
232
252
269
15
30
39
56
77
11
27
41
92
347
326
309
329
347
321
344
358
383
384
378
359
337
323
232
240
564
170
149
171
147
173
190
168
182
196
292
282
292
314
298
319
209
359
371
356
339
364
381
356
559
542
552
211
438
430
443
457
412
398
289
493
499
515
510
520
436
458
434
463
213
228
242
256
244
264
285
259
249
195
210
226
250
259
279
297
272
296
310
302
307
290
315
303
310
335
346
322
345
320
347
359
347
323
314
334
313
324
319
320
336
71
81
101
121
141
153
171
191
161
157
174
531
515
531
33
63
75
85
96
82
69
92
108
113
103
94
107
113
142
562
9
107
92
109
203
178
199
218
394
410
399
413
426
447
460
471
450
474
328
342
320
341
510
522
540
550
572
554
323
342
332
350
323
317
326
343
364
373
381
392
317
323
349
362
372
388
410
399
410
429
496
515
536
544
42
236
241
234
240
256
247
114
136
155
163
187
63
78
89
65
91
75
95
111
123
105
535
518
181
199
188
197
182
379
356
371
391
400
423
440
417
321
344
361
369
387
415
428
442
463
466
483
497
512
542
552
540
546
389
410
417
60
286
303
310
300
309
335
337
352
377
384
402
425
410
393
402
14
28
42
48
72
56
77
362
377
388
410
508
3
17
402
449
479
482
504
522
165
149
166
157
174
189
498
339
356
382
386
413
426
439
463
472
458
437
425
433
504
490
508
520
461
478
461
27
373
252
262
287
393
44
524
535
487
499
269
249
208
230
212
379
359
368
392
378
366
78
86
96
120
100
492
468
458
474
192
216
224
250
260
240
268
277
546
568
5
570
2
571
8
18
446
450
478
480
507
488
496
481
507
517
511
395
408
426
438
461
61
47
3
566
12
18
36
49
380
328
365
54
71
517
497
488
335
351
334
338
366
571
548
573
3
30
56
74
80
103
115
138
158
172
185
168
190
194
191
197
525
306
303
317
292
274
106
114
288
282
300
318
300
317
333
351
365
372
390
369
399
502
520
538
518
501
513
530
548
569
309
302
317
325
189
173
158
170
179
198
222
236
255
307
294
306
324
343
354
368
388
415
118
128
149
175
182
353
369
391
406
423
445
8
21
7
568
549
575
356
377
361
377
507
527
501
515
529
34
51
73
166
181
197
321
345
353
371
365
374
394
414
387
220
235
220
134
158
137
150
173
185
198
177
192
212
199
217
239
243
236
255
239
501
517
542
